# Sequence Length (log)
3.4340
# alignment-count (log)
4.394449
# effective-alignment-count (log)
3.188127
# Relative 'e' count
0.35
# Relative 'H' count
0.65
# Relative 'E' count
0.00
# AA composition
0.097
0.000
0.032
0.194
0.097
0.065
0.000
0.032
0.032
0.129
0.032
0.032
0.000
0.065
0.129
0.000
0.032
0.000
0.000
0.032
# Atchley factors
0.85 0.51 0.11 0.41 0.10 0.72 0.03 0.91 0.30 0.91 0.85 0.91 0.11 0.85 0.21 0.11 0.91 0.85 0.10 0.72 0.85 0.24 0.10 0.85 0.10 1.00 0.75 0.24 0.72 0.24 0.30
0.02 0.65 0.26 0.51 0.15 0.37 0.27 0.41 0.88 0.41 0.02 0.41 0.26 0.02 0.00 0.26 0.41 0.02 0.15 0.65 0.02 0.06 0.15 0.02 0.15 0.27 0.51 0.06 0.37 0.06 0.88
0.79 1.00 0.85 0.89 0.41 0.22 0.88 0.80 0.78 0.80 0.79 0.80 0.85 0.79 0.89 0.85 0.80 0.79 0.41 0.77 0.79 0.51 0.41 0.79 0.41 0.67 0.14 0.51 0.22 0.51 0.78
0.61 0.35 0.47 0.82 0.92 0.44 0.68 0.69 0.86 0.69 0.61 0.69 0.47 0.61 0.30 0.47 0.69 0.61 0.92 0.53 0.61 1.00 0.92 0.61 0.92 0.50 0.51 1.00 0.44 1.00 0.86
0.39 0.77 0.60 0.74 0.38 0.23 0.66 1.00 0.86 1.00 0.39 1.00 0.60 0.39 0.73 0.60 1.00 0.39 0.38 0.68 0.39 0.50 0.38 0.39 0.38 0.80 0.00 0.50 0.23 0.50 0.86
# Secondary Structure
0 0 0 0 0 0 0 0 0 1 1 1 1 1 1 1 1 1 1 1 1 1 1 1 1 1 1 1 1 0 0
0 0 0 0 0 0 0 0 0 0 0 0 0 0 0 0 0 0 0 0 0 0 0 0 0 0 0 0 0 0 0
1 1 1 1 1 1 1 1 1 0 0 0 0 0 0 0 0 0 0 0 0 0 0 0 0 0 0 0 0 1 1
# Solvent accessibility
1 1 0 1 0 1 0 1 1 1 1 0 0 1 0 0 1 1 0 1 1 0 0 1 0 1 1 1 1 1 1
# PSSM inf feature
0.1283 0.1317 0.1317 0.0767 0.0800 0.0850 0.0717 0.1150 0.1783 0.1233 0.0867 0.1167 0.1217 0.1133 0.0500 0.1033 0.0967 0.1117 0.0600 0.1283 0.1283 0.0717 0.0800 0.1283 0.0717 0.0817 0.1500 0.0667 0.0950 0.0617 0.1083
# PSSM
0.2689 0.1192 0.1192 0.5000 0.1192 0.2689 0.2689 0.1192 0.5000 0.1192 0.5000 0.1192 0.1192 0.2689 0.2689 0.1192 0.2689 0.2689 0.1192 0.1192 0.2689 0.9820 0.1192 0.2689 0.1192 0.2689 0.1192 0.9820 0.2689 0.9820 0.8808
0.5000 0.1192 0.0474 0.2689 0.1192 0.8808 0.0474 0.9975 0.1192 0.9975 0.7311 0.9975 0.0474 0.5000 0.1192 0.0474 0.9933 0.5000 0.2689 0.2689 0.5000 0.1192 0.1192 0.5000 0.1192 0.8808 0.1192 0.1192 0.8808 0.2689 0.1192
0.5000 0.1192 0.0474 0.5000 0.0180 0.5000 0.0474 0.5000 0.2689 0.5000 0.5000 0.7311 0.0474 0.5000 0.1192 0.0474 0.2689 0.7311 0.0474 0.9975 0.5000 0.1192 0.0180 0.5000 0.0180 0.5000 0.7311 0.1192 0.5000 0.2689 0.2689
0.8808 0.0474 0.0180 0.2689 0.0180 0.2689 0.0474 0.1192 0.2689 0.1192 0.7311 0.2689 0.0180 0.7311 0.0474 0.0180 0.1192 0.7311 0.0180 0.7311 0.8808 0.1192 0.0180 0.8808 0.0180 0.2689 0.9975 0.1192 0.2689 0.2689 0.1192
0.0180 0.1192 0.0474 0.2689 0.2689 0.0474 0.2689 0.0180 0.0474 0.0180 0.0474 0.0180 0.0474 0.0180 0.1192 0.1192 0.0474 0.0180 0.2689 0.0474 0.0180 0.5000 0.2689 0.0180 0.2689 0.0474 0.0180 0.2689 0.0474 0.2689 0.1192
0.8808 0.2689 0.0474 0.2689 0.1192 0.9820 0.0474 0.7311 0.1192 0.8808 0.8808 0.7311 0.0474 0.8808 0.5000 0.0474 0.8808 0.8808 0.1192 0.5000 0.8808 0.2689 0.1192 0.8808 0.1192 0.7311 0.5000 0.2689 0.9933 0.2689 0.2689
0.9933 0.1192 0.0474 0.2689 0.0474 0.7311 0.0474 0.5000 0.1192 0.5000 0.9820 0.5000 0.0474 0.9933 0.1192 0.0474 0.5000 0.9933 0.0474 0.5000 0.9933 0.2689 0.0474 0.9933 0.0474 0.7311 0.8808 0.2689 0.8808 0.2689 0.1192
0.1192 0.0474 0.0474 0.1192 0.0180 0.1192 0.0180 0.1192 0.9975 0.1192 0.1192 0.1192 0.0474 0.1192 0.0474 0.0474 0.1192 0.1192 0.0180 0.2689 0.1192 0.5000 0.0180 0.1192 0.0180 0.1192 0.1192 0.5000 0.1192 0.5000 0.9933
0.5000 0.7311 0.2689 0.1192 0.0474 0.5000 0.0474 0.9526 0.1192 0.5000 0.5000 0.5000 0.5000 0.5000 0.1192 0.1192 0.5000 0.5000 0.0474 0.7311 0.5000 0.1192 0.0474 0.5000 0.0474 0.2689 0.2689 0.1192 0.9526 0.1192 0.1192
0.0474 0.2689 0.5000 0.5000 0.8808 0.0474 0.9820 0.0474 0.0180 0.0474 0.0474 0.0474 0.5000 0.0474 0.8808 0.5000 0.0474 0.0474 0.8808 0.0474 0.0474 0.2689 0.8808 0.0474 0.7311 0.1192 0.0474 0.2689 0.0474 0.1192 0.0474
0.0474 0.2689 0.5000 0.2689 0.9820 0.1192 0.8808 0.1192 0.0180 0.1192 0.0474 0.1192 0.5000 0.0474 0.8808 0.8808 0.2689 0.0474 0.9820 0.0180 0.0474 0.1192 0.9820 0.0474 0.9820 0.1192 0.0180 0.1192 0.1192 0.1192 0.0474
0.7311 0.1192 0.0474 0.2689 0.0474 0.9820 0.0474 0.8808 0.1192 0.8808 0.8808 0.8808 0.0474 0.8808 0.2689 0.0474 0.8808 0.7311 0.1192 0.5000 0.7311 0.2689 0.0474 0.7311 0.0474 0.9933 0.2689 0.2689 0.7311 0.2689 0.2689
0.1192 0.2689 0.5000 0.2689 0.8808 0.2689 0.7311 0.1192 0.0474 0.2689 0.1192 0.1192 0.5000 0.1192 0.9933 0.5000 0.2689 0.1192 0.8808 0.1192 0.1192 0.2689 0.8808 0.1192 0.8808 0.5000 0.0474 0.2689 0.2689 0.2689 0.1192
0.0474 0.9526 0.9991 0.1192 0.5000 0.0474 0.5000 0.0474 0.0474 0.0474 0.0474 0.0474 0.9975 0.0474 0.5000 0.9975 0.0474 0.0474 0.5000 0.0474 0.0474 0.1192 0.5000 0.0474 0.8808 0.0474 0.0180 0.1192 0.0474 0.1192 0.0474
0.2689 0.0474 0.0180 0.2689 0.0474 0.2689 0.0474 0.1192 0.1192 0.1192 0.2689 0.1192 0.0180 0.2689 0.0474 0.0180 0.1192 0.2689 0.0474 0.1192 0.2689 0.2689 0.0474 0.2689 0.0474 0.2689 0.1192 0.2689 0.1192 0.2689 0.1192
0.5000 0.2689 0.0474 0.7311 0.0474 0.5000 0.0474 0.2689 0.5000 0.2689 0.5000 0.2689 0.1192 0.5000 0.1192 0.0474 0.2689 0.5000 0.1192 0.7311 0.5000 0.7311 0.0474 0.5000 0.0474 0.5000 0.5000 0.7311 0.5000 0.8808 0.5000
0.2689 0.5000 0.1192 0.9933 0.2689 0.2689 0.2689 0.2689 0.1192 0.2689 0.2689 0.2689 0.1192 0.2689 0.2689 0.1192 0.2689 0.2689 0.2689 0.5000 0.2689 0.5000 0.2689 0.2689 0.2689 0.2689 0.2689 0.7311 0.2689 0.5000 0.2689
0.0474 0.8808 0.7311 0.0474 0.1192 0.0474 0.0474 0.0474 0.0474 0.0474 0.0474 0.0474 0.7311 0.0474 0.1192 0.7311 0.0474 0.0474 0.1192 0.0180 0.0474 0.0474 0.1192 0.0474 0.2689 0.0474 0.0180 0.0474 0.1192 0.0474 0.0474
0.1192 0.9991 0.9526 0.1192 0.2689 0.1192 0.2689 0.2689 0.0474 0.1192 0.1192 0.1192 0.9820 0.1192 0.2689 0.9526 0.1192 0.1192 0.2689 0.1192 0.1192 0.1192 0.2689 0.1192 0.5000 0.1192 0.0474 0.1192 0.2689 0.1192 0.0474
0.0474 0.2689 0.2689 0.5000 0.7311 0.1192 0.9526 0.0474 0.0474 0.0474 0.1192 0.0474 0.2689 0.0474 0.7311 0.2689 0.1192 0.0474 0.7311 0.0474 0.0474 0.5000 0.7311 0.0474 0.7311 0.1192 0.0474 0.5000 0.0474 0.2689 0.1192
# PSSM Sums (divided by 100)
1.0000 1.0000 1.0000 1.0000 1.0000 1.0000 1.0000 1.0000 1.0000 1.0000 1.0000 1.0000 1.0000 1.0000 1.0100 1.0000 1.0000 0.9900 1.0000 1.0000 1.0000 1.0000 1.0000 1.0000 1.0000 1.0000 1.0000 1.0000 1.0000 1.0000 1.0000
# PSSM sum cosines
1.00 0.00 0.00 0.00 0.00 0.00 0.00 0.00 0.00 0.00 0.92 0.00 0.00 0.99 0.00 0.00 0.00 1.00 0.00 0.00 1.00 0.00 0.00 1.00 0.00 0.00 0.10 0.00 0.00 0.00 0.00 0.00 1.00 0.00 0.10 0.00 0.00 0.00 0.00 0.00 0.00 0.00 0.00 0.27 0.00 0.00 0.00 0.00 0.00 0.00 0.00 0.00 0.00 0.00 0.00 0.00 0.00 0.00 0.01 0.00 0.00 0.00 0.00 0.00 1.00 0.00 0.00 0.00 0.00 0.00 0.00 0.00 0.00 0.00 0.96 0.00 0.00 0.97 0.00 0.00 0.00 0.00 0.00 0.00 0.00 0.00 0.11 0.00 0.00 0.00 0.00 0.00 0.00 0.00 0.10 0.00 1.00 0.00 0.00 0.05 0.00 0.00 0.00 0.00 0.00 0.00 0.00 0.01 0.00 0.00 0.00 0.01 0.00 0.00 0.00 0.00 0.00 0.00 0.00 0.00 0.05 0.00 0.00 0.00 0.00 0.00 0.00 0.00 1.00 0.00 0.00 0.00 0.00 0.00 0.00 0.00 0.00 0.00 0.12 0.23 0.06 0.00 0.97 0.00 0.00 0.00 1.00 0.00 0.99 0.00 0.00 0.00 0.00 0.00 0.00 0.00 0.00 0.00 0.00 0.00 1.00 0.00 0.00 0.00 0.05 0.35 0.00 0.00 0.10 0.06 0.00 0.17 0.06 0.00 0.00 0.00 0.00 0.00 0.00 0.00 0.71 0.00 0.00 0.69 0.00 0.00 0.00 0.00 0.00 0.05 0.00 0.00 1.00 0.00 0.00 0.00 0.00 0.00 0.00 0.00 0.14 0.00 0.00 0.00 0.24 0.00 0.00 0.00 0.00 0.00 0.00 0.00 0.00 0.00 0.00 0.00 0.00 0.00 0.00 0.00 0.00 0.00 0.00 0.00 1.00 0.00 0.99 0.00 0.98 0.00 0.00 0.00 0.00 0.97 0.00 0.08 0.00 0.00 0.00 0.00 0.00 0.00 0.00 0.00 0.00 0.14 0.00 0.00 0.00 0.00 0.00 0.00 0.00 0.00 0.00 0.00 1.00 0.00 0.00 0.00 0.00 0.00 0.00 0.00 0.00 0.00 0.00 0.00 0.00 0.00 0.00 0.00 0.00 0.00 0.00 0.00 0.00 0.00 0.90 0.00 0.00 0.00 0.00 0.00 0.05 0.00 0.99 0.00 1.00 0.01 0.99 0.00 0.00 0.01 0.00 0.99 0.00 0.08 0.00 0.00 0.00 0.00 0.00 0.00 0.00 0.00 0.00 0.19 0.00 0.00 0.92 0.00 0.00 0.00 0.00 0.35 0.00 0.00 0.00 0.01 1.00 0.00 0.00 0.96 0.01 0.00 0.05 0.95 0.00 0.00 0.92 0.07 0.00 0.92 0.00 0.36 0.09 0.07 0.13 0.07 0.03 0.00 0.00 0.00 0.00 0.00 0.00 0.00 0.98 0.00 0.99 0.00 1.00 0.00 0.00 0.00 0.00 0.98 0.01 0.08 0.11 0.00 0.00 0.00 0.00 0.00 0.00 0.00 0.00 0.11 0.00 0.00 0.00 0.27 0.96 0.00 0.00 0.00 0.00 0.00 0.00 0.00 0.00 0.00 1.00 0.00 0.00 0.94 0.00 0.00 0.00 0.00 0.00 0.00 0.00 0.00 0.11 0.00 0.00 0.00 0.00 0.00 0.00 0.99 0.00 0.00 0.00 0.00 0.10 0.00 0.00 0.00 0.00 0.96 0.00 0.00 1.00 0.00 0.00 0.01 1.00 0.00 0.00 0.99 0.00 0.00 0.99 0.00 0.13 0.10 0.00 0.00 0.00 0.00 0.00 0.00 0.00 0.01 0.12 0.06 0.14 0.00 0.00 0.01 0.01 0.00 0.00 0.00 1.00 0.03 0.02 0.00 0.15 0.00 0.00 0.00 0.12 0.00 0.12 0.06 0.00 0.00 0.08 0.00 0.00 0.00 0.00 0.97 0.00 0.23 0.00 0.00 0.00 0.00 0.00 0.00 0.00 0.94 0.00 0.03 1.00 0.01 0.00 0.22 0.00 0.00 0.00 0.23 0.00 0.33 0.00 0.00 0.00 0.00 0.00 0.00 0.00 0.00 0.00 0.00 0.06 0.17 0.00 0.97 0.00 0.99 0.05 0.98 0.00 0.01 0.02 0.01 1.00 0.01 0.14 0.00 0.00 0.00 0.06 0.00 0.06 0.09 0.00 0.00 0.26 0.00 0.00 1.00 0.00 0.00 0.00 0.00 0.06 0.00 0.00 0.00 0.00 0.95 0.01 0.00 1.00 0.00 0.00 0.01 1.00 0.00 0.06 1.00 0.00 0.00 1.00 0.00 0.08 0.10 0.00 0.00 0.00 0.00 0.00 0.00 0.00 0.01 0.97 0.00 0.24 0.08 0.00 0.08 0.00 0.08 0.00 0.00 0.15 0.22 0.14 0.00 1.00 0.00 0.00 0.00 0.97 0.00 0.96 0.00 0.00 0.00 0.01 0.00 0.00 0.00 0.00 0.00 0.00 0.00 0.00 0.00 0.00 0.00 0.00 0.00 0.11 0.00 0.00 0.00 0.00 0.00 0.06 0.00 1.00 0.00 0.00 0.00 0.00 0.00 0.00 0.00 0.00 0.00 0.00 0.00 1.00 0.00 0.00 0.00 0.00 0.00 0.00 0.00 0.00 0.00 0.92 0.00 0.00 0.99 0.00 0.00 0.00 1.00 0.00 0.00 1.00 0.00 0.00 1.00 0.00 0.00 0.10 0.00 0.00 0.00 0.00 0.00 0.00 0.00 0.00 0.00 0.00 0.00 0.00 0.00 0.00 0.07 0.00 0.00 0.00 0.00 0.00 0.00 0.00 0.00 0.00 0.00 1.00 0.00 0.00 0.00 0.00 0.00 1.00 0.00 0.95 0.44 0.00 0.00 0.00 0.00 1.00 0.00 0.00 0.00 0.00 0.00 0.00 0.00 0.00 0.00 0.12 0.23 0.06 0.00 0.97 0.00 0.00 0.00 1.00 0.00 0.99 0.00 0.00 0.00 0.00 0.00 0.00 1.00 0.00 0.00 0.00 0.00 0.00 0.00 0.00 0.00 0.00 0.92 0.00 0.00 0.99 0.00 0.00 0.00 1.00 0.00 0.00 1.00 0.00 0.00 1.00 0.00 0.00 0.10 0.00 0.00 0.00 0.00 0.00 0.00 0.11 0.00 0.99 0.00 0.00 0.00 0.00 0.00 0.00 0.00 0.11 0.00 0.12 0.33 0.06 0.00 0.96 0.00 0.00 0.00 0.99 0.00 1.00 0.00 0.00 0.00 0.00 0.00 0.00 0.00 0.00 0.00 0.00 0.00 0.71 0.00 0.00 0.00 0.00 0.36 0.00 0.00 0.13 0.06 0.00 0.09 0.08 0.00 0.00 0.00 0.00 0.00 0.00 0.00 1.00 0.00 0.00 0.00 0.00 0.00 0.10 0.00 0.00 0.00 0.00 0.00 0.00 0.00 0.00 0.00 0.09 0.00 0.00 0.10 0.00 0.00 0.00 0.10 0.00 0.00 0.10 0.00 0.00 0.10 0.00 0.00 1.00 0.00 0.00 0.00 0.00 0.00 0.01 0.00 0.05 0.00 0.00 0.00 0.00 0.00 0.00 0.07 0.00 0.00 0.00 0.00 0.00 0.00 0.00 0.00 0.00 0.00 1.00 0.00 0.00 0.00 0.00 0.00 1.00 0.00 0.95 0.44 0.00 0.00 0.00 0.00 0.00 0.69 0.00 0.14 0.00 0.19 0.13 0.11 0.00 0.00 0.08 0.00 0.26 0.00 0.01 0.00 0.00 0.00 0.00 0.00 0.00 0.00 0.00 0.00 1.00 0.00 0.00 0.00 0.00 0.00 0.00 0.00 0.00 0.00 0.00 0.00 0.00 0.07 0.00 0.00 0.00 0.00 0.00 0.00 0.00 0.00 0.00 0.00 0.95 0.00 0.00 0.00 0.00 0.00 0.95 0.00 1.00 0.42 0.00 0.00 0.00 0.00 0.00 0.00 0.00 0.00 0.90 0.00 0.03 0.00 0.00 0.00 0.00 0.00 0.00 0.00 0.00 0.00 0.00 0.44 0.00 0.00 0.00 0.00 0.00 0.44 0.00 0.42 1.00
# Relative sequence separation
0.00 0.03 0.06 0.10 0.13 0.16 0.19 0.23 0.26 0.29 0.32 0.35 0.39 0.42 0.45 0.48 0.52 0.55 0.58 0.61 0.65 0.68 0.71 0.74 0.77 0.81 0.84 0.87 0.90 0.94 0.97 0.03 0.00 0.03 0.06 0.10 0.13 0.16 0.19 0.23 0.26 0.29 0.32 0.35 0.39 0.42 0.45 0.48 0.52 0.55 0.58 0.61 0.65 0.68 0.71 0.74 0.77 0.81 0.84 0.87 0.90 0.94 0.06 0.03 0.00 0.03 0.06 0.10 0.13 0.16 0.19 0.23 0.26 0.29 0.32 0.35 0.39 0.42 0.45 0.48 0.52 0.55 0.58 0.61 0.65 0.68 0.71 0.74 0.77 0.81 0.84 0.87 0.90 0.10 0.06 0.03 0.00 0.03 0.06 0.10 0.13 0.16 0.19 0.23 0.26 0.29 0.32 0.35 0.39 0.42 0.45 0.48 0.52 0.55 0.58 0.61 0.65 0.68 0.71 0.74 0.77 0.81 0.84 0.87 0.13 0.10 0.06 0.03 0.00 0.03 0.06 0.10 0.13 0.16 0.19 0.23 0.26 0.29 0.32 0.35 0.39 0.42 0.45 0.48 0.52 0.55 0.58 0.61 0.65 0.68 0.71 0.74 0.77 0.81 0.84 0.16 0.13 0.10 0.06 0.03 0.00 0.03 0.06 0.10 0.13 0.16 0.19 0.23 0.26 0.29 0.32 0.35 0.39 0.42 0.45 0.48 0.52 0.55 0.58 0.61 0.65 0.68 0.71 0.74 0.77 0.81 0.19 0.16 0.13 0.10 0.06 0.03 0.00 0.03 0.06 0.10 0.13 0.16 0.19 0.23 0.26 0.29 0.32 0.35 0.39 0.42 0.45 0.48 0.52 0.55 0.58 0.61 0.65 0.68 0.71 0.74 0.77 0.23 0.19 0.16 0.13 0.10 0.06 0.03 0.00 0.03 0.06 0.10 0.13 0.16 0.19 0.23 0.26 0.29 0.32 0.35 0.39 0.42 0.45 0.48 0.52 0.55 0.58 0.61 0.65 0.68 0.71 0.74 0.26 0.23 0.19 0.16 0.13 0.10 0.06 0.03 0.00 0.03 0.06 0.10 0.13 0.16 0.19 0.23 0.26 0.29 0.32 0.35 0.39 0.42 0.45 0.48 0.52 0.55 0.58 0.61 0.65 0.68 0.71 0.29 0.26 0.23 0.19 0.16 0.13 0.10 0.06 0.03 0.00 0.03 0.06 0.10 0.13 0.16 0.19 0.23 0.26 0.29 0.32 0.35 0.39 0.42 0.45 0.48 0.52 0.55 0.58 0.61 0.65 0.68 0.32 0.29 0.26 0.23 0.19 0.16 0.13 0.10 0.06 0.03 0.00 0.03 0.06 0.10 0.13 0.16 0.19 0.23 0.26 0.29 0.32 0.35 0.39 0.42 0.45 0.48 0.52 0.55 0.58 0.61 0.65 0.35 0.32 0.29 0.26 0.23 0.19 0.16 0.13 0.10 0.06 0.03 0.00 0.03 0.06 0.10 0.13 0.16 0.19 0.23 0.26 0.29 0.32 0.35 0.39 0.42 0.45 0.48 0.52 0.55 0.58 0.61 0.39 0.35 0.32 0.29 0.26 0.23 0.19 0.16 0.13 0.10 0.06 0.03 0.00 0.03 0.06 0.10 0.13 0.16 0.19 0.23 0.26 0.29 0.32 0.35 0.39 0.42 0.45 0.48 0.52 0.55 0.58 0.42 0.39 0.35 0.32 0.29 0.26 0.23 0.19 0.16 0.13 0.10 0.06 0.03 0.00 0.03 0.06 0.10 0.13 0.16 0.19 0.23 0.26 0.29 0.32 0.35 0.39 0.42 0.45 0.48 0.52 0.55 0.45 0.42 0.39 0.35 0.32 0.29 0.26 0.23 0.19 0.16 0.13 0.10 0.06 0.03 0.00 0.03 0.06 0.10 0.13 0.16 0.19 0.23 0.26 0.29 0.32 0.35 0.39 0.42 0.45 0.48 0.52 0.48 0.45 0.42 0.39 0.35 0.32 0.29 0.26 0.23 0.19 0.16 0.13 0.10 0.06 0.03 0.00 0.03 0.06 0.10 0.13 0.16 0.19 0.23 0.26 0.29 0.32 0.35 0.39 0.42 0.45 0.48 0.52 0.48 0.45 0.42 0.39 0.35 0.32 0.29 0.26 0.23 0.19 0.16 0.13 0.10 0.06 0.03 0.00 0.03 0.06 0.10 0.13 0.16 0.19 0.23 0.26 0.29 0.32 0.35 0.39 0.42 0.45 0.55 0.52 0.48 0.45 0.42 0.39 0.35 0.32 0.29 0.26 0.23 0.19 0.16 0.13 0.10 0.06 0.03 0.00 0.03 0.06 0.10 0.13 0.16 0.19 0.23 0.26 0.29 0.32 0.35 0.39 0.42 0.58 0.55 0.52 0.48 0.45 0.42 0.39 0.35 0.32 0.29 0.26 0.23 0.19 0.16 0.13 0.10 0.06 0.03 0.00 0.03 0.06 0.10 0.13 0.16 0.19 0.23 0.26 0.29 0.32 0.35 0.39 0.61 0.58 0.55 0.52 0.48 0.45 0.42 0.39 0.35 0.32 0.29 0.26 0.23 0.19 0.16 0.13 0.10 0.06 0.03 0.00 0.03 0.06 0.10 0.13 0.16 0.19 0.23 0.26 0.29 0.32 0.35 0.65 0.61 0.58 0.55 0.52 0.48 0.45 0.42 0.39 0.35 0.32 0.29 0.26 0.23 0.19 0.16 0.13 0.10 0.06 0.03 0.00 0.03 0.06 0.10 0.13 0.16 0.19 0.23 0.26 0.29 0.32 0.68 0.65 0.61 0.58 0.55 0.52 0.48 0.45 0.42 0.39 0.35 0.32 0.29 0.26 0.23 0.19 0.16 0.13 0.10 0.06 0.03 0.00 0.03 0.06 0.10 0.13 0.16 0.19 0.23 0.26 0.29 0.71 0.68 0.65 0.61 0.58 0.55 0.52 0.48 0.45 0.42 0.39 0.35 0.32 0.29 0.26 0.23 0.19 0.16 0.13 0.10 0.06 0.03 0.00 0.03 0.06 0.10 0.13 0.16 0.19 0.23 0.26 0.74 0.71 0.68 0.65 0.61 0.58 0.55 0.52 0.48 0.45 0.42 0.39 0.35 0.32 0.29 0.26 0.23 0.19 0.16 0.13 0.10 0.06 0.03 0.00 0.03 0.06 0.10 0.13 0.16 0.19 0.23 0.77 0.74 0.71 0.68 0.65 0.61 0.58 0.55 0.52 0.48 0.45 0.42 0.39 0.35 0.32 0.29 0.26 0.23 0.19 0.16 0.13 0.10 0.06 0.03 0.00 0.03 0.06 0.10 0.13 0.16 0.19 0.81 0.77 0.74 0.71 0.68 0.65 0.61 0.58 0.55 0.52 0.48 0.45 0.42 0.39 0.35 0.32 0.29 0.26 0.23 0.19 0.16 0.13 0.10 0.06 0.03 0.00 0.03 0.06 0.10 0.13 0.16 0.84 0.81 0.77 0.74 0.71 0.68 0.65 0.61 0.58 0.55 0.52 0.48 0.45 0.42 0.39 0.35 0.32 0.29 0.26 0.23 0.19 0.16 0.13 0.10 0.06 0.03 0.00 0.03 0.06 0.10 0.13 0.87 0.84 0.81 0.77 0.74 0.71 0.68 0.65 0.61 0.58 0.55 0.52 0.48 0.45 0.42 0.39 0.35 0.32 0.29 0.26 0.23 0.19 0.16 0.13 0.10 0.06 0.03 0.00 0.03 0.06 0.10 0.90 0.87 0.84 0.81 0.77 0.74 0.71 0.68 0.65 0.61 0.58 0.55 0.52 0.48 0.45 0.42 0.39 0.35 0.32 0.29 0.26 0.23 0.19 0.16 0.13 0.10 0.06 0.03 0.00 0.03 0.06 0.94 0.90 0.87 0.84 0.81 0.77 0.74 0.71 0.68 0.65 0.61 0.58 0.55 0.52 0.48 0.45 0.42 0.39 0.35 0.32 0.29 0.26 0.23 0.19 0.16 0.13 0.10 0.06 0.03 0.00 0.03 0.97 0.94 0.90 0.87 0.84 0.81 0.77 0.74 0.71 0.68 0.65 0.61 0.58 0.55 0.52 0.48 0.45 0.42 0.39 0.35 0.32 0.29 0.26 0.23 0.19 0.16 0.13 0.10 0.06 0.03 0.00
# Sequence separation between 23 and 28
0 0 0 0 0 0 0 0 0 0 0 0 0 0 0 0 0 0 0 0 0 0 0 1 1 1 1 1 0 0 0 0 0 0 0 0 0 0 0 0 0 0 0 0 0 0 0 0 0 0 0 0 0 0 0 1 1 1 1 1 0 0 0 0 0 0 0 0 0 0 0 0 0 0 0 0 0 0 0 0 0 0 0 0 0 0 0 1 1 1 1 1 0 0 0 0 0 0 0 0 0 0 0 0 0 0 0 0 0 0 0 0 0 0 0 0 0 0 0 1 1 1 1 1 0 0 0 0 0 0 0 0 0 0 0 0 0 0 0 0 0 0 0 0 0 0 0 0 0 0 0 1 1 1 1 0 0 0 0 0 0 0 0 0 0 0 0 0 0 0 0 0 0 0 0 0 0 0 0 0 0 0 0 1 1 1 0 0 0 0 0 0 0 0 0 0 0 0 0 0 0 0 0 0 0 0 0 0 0 0 0 0 0 0 0 1 1 0 0 0 0 0 0 0 0 0 0 0 0 0 0 0 0 0 0 0 0 0 0 0 0 0 0 0 0 0 0 1 0 0 0 0 0 0 0 0 0 0 0 0 0 0 0 0 0 0 0 0 0 0 0 0 0 0 0 0 0 0 0 0 0 0 0 0 0 0 0 0 0 0 0 0 0 0 0 0 0 0 0 0 0 0 0 0 0 0 0 0 0 0 0 0 0 0 0 0 0 0 0 0 0 0 0 0 0 0 0 0 0 0 0 0 0 0 0 0 0 0 0 0 0 0 0 0 0 0 0 0 0 0 0 0 0 0 0 0 0 0 0 0 0 0 0 0 0 0 0 0 0 0 0 0 0 0 0 0 0 0 0 0 0 0 0 0 0 0 0 0 0 0 0 0 0 0 0 0 0 0 0 0 0 0 0 0 0 0 0 0 0 0 0 0 0 0 0 0 0 0 0 0 0 0 0 0 0 0 0 0 0 0 0 0 0 0 0 0 0 0 0 0 0 0 0 0 0 0 0 0 0 0 0 0 0 0 0 0 0 0 0 0 0 0 0 0 0 0 0 0 0 0 0 0 0 0 0 0 0 0 0 0 0 0 0 0 0 0 0 0 0 0 0 0 0 0 0 0 0 0 0 0 0 0 0 0 0 0 0 0 0 0 0 0 0 0 0 0 0 0 0 0 0 0 0 0 0 0 0 0 0 0 0 0 0 0 0 0 0 0 0 0 0 0 0 0 0 0 0 0 0 0 0 0 0 0 0 0 0 0 0 0 0 0 0 0 0 0 0 0 0 0 0 0 0 0 0 0 0 0 0 0 0 0 0 0 0 0 0 0 0 0 0 0 0 0 0 0 0 0 0 0 0 0 0 0 0 0 0 0 0 0 0 0 0 0 0 0 0 0 0 0 0 0 0 0 0 0 0 0 0 0 0 0 0 0 0 0 0 0 0 0 0 0 0 0 0 0 0 0 0 0 0 0 0 0 0 0 0 0 0 0 0 0 0 0 0 0 0 0 0 0 0 0 0 0 0 0 0 0 0 0 0 0 0 0 0 0 0 0 0 0 0 0 0 0 0 0 0 0 0 0 0 0 0 0 0 0 0 0 0 0 0 0 0 1 0 0 0 0 0 0 0 0 0 0 0 0 0 0 0 0 0 0 0 0 0 0 0 0 0 0 0 0 0 0 1 1 0 0 0 0 0 0 0 0 0 0 0 0 0 0 0 0 0 0 0 0 0 0 0 0 0 0 0 0 0 1 1 1 0 0 0 0 0 0 0 0 0 0 0 0 0 0 0 0 0 0 0 0 0 0 0 0 0 0 0 0 1 1 1 1 0 0 0 0 0 0 0 0 0 0 0 0 0 0 0 0 0 0 0 0 0 0 0 0 0 0 0 1 1 1 1 1 0 0 0 0 0 0 0 0 0 0 0 0 0 0 0 0 0 0 0 0 0 0 0 0 0 0 0 1 1 1 1 1 0 0 0 0 0 0 0 0 0 0 0 0 0 0 0 0 0 0 0 0 0 0 0 0 0 0 0 1 1 1 1 1 0 0 0 0 0 0 0 0 0 0 0 0 0 0 0 0 0 0 0 0 0 0 0 0 0 0 0 1 1 1 1 1 0 0 0 0 0 0 0 0 0 0 0 0 0 0 0 0 0 0 0 0 0 0 0
# Sequence separation between 28 and 38
0 0 0 0 0 0 0 0 0 0 0 0 0 0 0 0 0 0 0 0 0 0 0 0 0 0 0 0 1 1 1 0 0 0 0 0 0 0 0 0 0 0 0 0 0 0 0 0 0 0 0 0 0 0 0 0 0 0 0 0 1 1 0 0 0 0 0 0 0 0 0 0 0 0 0 0 0 0 0 0 0 0 0 0 0 0 0 0 0 0 0 0 1 0 0 0 0 0 0 0 0 0 0 0 0 0 0 0 0 0 0 0 0 0 0 0 0 0 0 0 0 0 0 0 0 0 0 0 0 0 0 0 0 0 0 0 0 0 0 0 0 0 0 0 0 0 0 0 0 0 0 0 0 0 0 0 0 0 0 0 0 0 0 0 0 0 0 0 0 0 0 0 0 0 0 0 0 0 0 0 0 0 0 0 0 0 0 0 0 0 0 0 0 0 0 0 0 0 0 0 0 0 0 0 0 0 0 0 0 0 0 0 0 0 0 0 0 0 0 0 0 0 0 0 0 0 0 0 0 0 0 0 0 0 0 0 0 0 0 0 0 0 0 0 0 0 0 0 0 0 0 0 0 0 0 0 0 0 0 0 0 0 0 0 0 0 0 0 0 0 0 0 0 0 0 0 0 0 0 0 0 0 0 0 0 0 0 0 0 0 0 0 0 0 0 0 0 0 0 0 0 0 0 0 0 0 0 0 0 0 0 0 0 0 0 0 0 0 0 0 0 0 0 0 0 0 0 0 0 0 0 0 0 0 0 0 0 0 0 0 0 0 0 0 0 0 0 0 0 0 0 0 0 0 0 0 0 0 0 0 0 0 0 0 0 0 0 0 0 0 0 0 0 0 0 0 0 0 0 0 0 0 0 0 0 0 0 0 0 0 0 0 0 0 0 0 0 0 0 0 0 0 0 0 0 0 0 0 0 0 0 0 0 0 0 0 0 0 0 0 0 0 0 0 0 0 0 0 0 0 0 0 0 0 0 0 0 0 0 0 0 0 0 0 0 0 0 0 0 0 0 0 0 0 0 0 0 0 0 0 0 0 0 0 0 0 0 0 0 0 0 0 0 0 0 0 0 0 0 0 0 0 0 0 0 0 0 0 0 0 0 0 0 0 0 0 0 0 0 0 0 0 0 0 0 0 0 0 0 0 0 0 0 0 0 0 0 0 0 0 0 0 0 0 0 0 0 0 0 0 0 0 0 0 0 0 0 0 0 0 0 0 0 0 0 0 0 0 0 0 0 0 0 0 0 0 0 0 0 0 0 0 0 0 0 0 0 0 0 0 0 0 0 0 0 0 0 0 0 0 0 0 0 0 0 0 0 0 0 0 0 0 0 0 0 0 0 0 0 0 0 0 0 0 0 0 0 0 0 0 0 0 0 0 0 0 0 0 0 0 0 0 0 0 0 0 0 0 0 0 0 0 0 0 0 0 0 0 0 0 0 0 0 0 0 0 0 0 0 0 0 0 0 0 0 0 0 0 0 0 0 0 0 0 0 0 0 0 0 0 0 0 0 0 0 0 0 0 0 0 0 0 0 0 0 0 0 0 0 0 0 0 0 0 0 0 0 0 0 0 0 0 0 0 0 0 0 0 0 0 0 0 0 0 0 0 0 0 0 0 0 0 0 0 0 0 0 0 0 0 0 0 0 0 0 0 0 0 0 0 0 0 0 0 0 0 0 0 0 0 0 0 0 0 0 0 0 0 0 0 0 0 0 0 0 0 0 0 0 0 0 0 0 0 0 0 0 0 0 0 0 0 0 0 0 0 0 0 0 0 0 0 0 0 0 0 0 0 0 0 0 0 0 0 0 0 0 0 0 0 0 0 0 0 0 0 0 0 0 0 0 0 0 0 0 0 0 0 0 0 0 0 0 0 0 0 0 0 0 0 0 0 0 0 0 0 0 0 0 0 0 0 0 0 0 0 0 0 0 0 0 0 0 0 0 0 0 0 1 0 0 0 0 0 0 0 0 0 0 0 0 0 0 0 0 0 0 0 0 0 0 0 0 0 0 0 0 0 0 1 1 0 0 0 0 0 0 0 0 0 0 0 0 0 0 0 0 0 0 0 0 0 0 0 0 0 0 0 0 0 1 1 1 0 0 0 0 0 0 0 0 0 0 0 0 0 0 0 0 0 0 0 0 0 0 0 0 0 0 0 0
# Sequence separation between 38 and 48
0 0 0 0 0 0 0 0 0 0 0 0 0 0 0 0 0 0 0 0 0 0 0 0 0 0 0 0 0 0 0 0 0 0 0 0 0 0 0 0 0 0 0 0 0 0 0 0 0 0 0 0 0 0 0 0 0 0 0 0 0 0 0 0 0 0 0 0 0 0 0 0 0 0 0 0 0 0 0 0 0 0 0 0 0 0 0 0 0 0 0 0 0 0 0 0 0 0 0 0 0 0 0 0 0 0 0 0 0 0 0 0 0 0 0 0 0 0 0 0 0 0 0 0 0 0 0 0 0 0 0 0 0 0 0 0 0 0 0 0 0 0 0 0 0 0 0 0 0 0 0 0 0 0 0 0 0 0 0 0 0 0 0 0 0 0 0 0 0 0 0 0 0 0 0 0 0 0 0 0 0 0 0 0 0 0 0 0 0 0 0 0 0 0 0 0 0 0 0 0 0 0 0 0 0 0 0 0 0 0 0 0 0 0 0 0 0 0 0 0 0 0 0 0 0 0 0 0 0 0 0 0 0 0 0 0 0 0 0 0 0 0 0 0 0 0 0 0 0 0 0 0 0 0 0 0 0 0 0 0 0 0 0 0 0 0 0 0 0 0 0 0 0 0 0 0 0 0 0 0 0 0 0 0 0 0 0 0 0 0 0 0 0 0 0 0 0 0 0 0 0 0 0 0 0 0 0 0 0 0 0 0 0 0 0 0 0 0 0 0 0 0 0 0 0 0 0 0 0 0 0 0 0 0 0 0 0 0 0 0 0 0 0 0 0 0 0 0 0 0 0 0 0 0 0 0 0 0 0 0 0 0 0 0 0 0 0 0 0 0 0 0 0 0 0 0 0 0 0 0 0 0 0 0 0 0 0 0 0 0 0 0 0 0 0 0 0 0 0 0 0 0 0 0 0 0 0 0 0 0 0 0 0 0 0 0 0 0 0 0 0 0 0 0 0 0 0 0 0 0 0 0 0 0 0 0 0 0 0 0 0 0 0 0 0 0 0 0 0 0 0 0 0 0 0 0 0 0 0 0 0 0 0 0 0 0 0 0 0 0 0 0 0 0 0 0 0 0 0 0 0 0 0 0 0 0 0 0 0 0 0 0 0 0 0 0 0 0 0 0 0 0 0 0 0 0 0 0 0 0 0 0 0 0 0 0 0 0 0 0 0 0 0 0 0 0 0 0 0 0 0 0 0 0 0 0 0 0 0 0 0 0 0 0 0 0 0 0 0 0 0 0 0 0 0 0 0 0 0 0 0 0 0 0 0 0 0 0 0 0 0 0 0 0 0 0 0 0 0 0 0 0 0 0 0 0 0 0 0 0 0 0 0 0 0 0 0 0 0 0 0 0 0 0 0 0 0 0 0 0 0 0 0 0 0 0 0 0 0 0 0 0 0 0 0 0 0 0 0 0 0 0 0 0 0 0 0 0 0 0 0 0 0 0 0 0 0 0 0 0 0 0 0 0 0 0 0 0 0 0 0 0 0 0 0 0 0 0 0 0 0 0 0 0 0 0 0 0 0 0 0 0 0 0 0 0 0 0 0 0 0 0 0 0 0 0 0 0 0 0 0 0 0 0 0 0 0 0 0 0 0 0 0 0 0 0 0 0 0 0 0 0 0 0 0 0 0 0 0 0 0 0 0 0 0 0 0 0 0 0 0 0 0 0 0 0 0 0 0 0 0 0 0 0 0 0 0 0 0 0 0 0 0 0 0 0 0 0 0 0 0 0 0 0 0 0 0 0 0 0 0 0 0 0 0 0 0 0 0 0 0 0 0 0 0 0 0 0 0 0 0 0 0 0 0 0 0 0 0 0 0 0 0 0 0 0 0 0 0 0 0 0 0 0 0 0 0 0 0 0 0 0 0 0 0 0 0 0 0 0 0 0 0 0 0 0 0 0 0 0 0 0 0 0 0 0 0 0 0 0 0 0 0 0 0 0 0 0 0 0 0 0 0 0 0 0 0 0 0 0 0 0 0 0 0 0 0 0 0 0 0 0 0 0 0 0 0 0 0 0 0 0 0 0 0 0 0 0 0 0 0 0 0 0 0 0 0 0 0 0 0 0 0 0 0 0 0 0 0 0 0 0 0 0 0 0 0 0 0 0 0 0 0 0 0 0 0 0 0 0 0 0 0 0 0 0 0 0 0 0 0
# Sequence separation 48+
0 0 0 0 0 0 0 0 0 0 0 0 0 0 0 0 0 0 0 0 0 0 0 0 0 0 0 0 0 0 0 0 0 0 0 0 0 0 0 0 0 0 0 0 0 0 0 0 0 0 0 0 0 0 0 0 0 0 0 0 0 0 0 0 0 0 0 0 0 0 0 0 0 0 0 0 0 0 0 0 0 0 0 0 0 0 0 0 0 0 0 0 0 0 0 0 0 0 0 0 0 0 0 0 0 0 0 0 0 0 0 0 0 0 0 0 0 0 0 0 0 0 0 0 0 0 0 0 0 0 0 0 0 0 0 0 0 0 0 0 0 0 0 0 0 0 0 0 0 0 0 0 0 0 0 0 0 0 0 0 0 0 0 0 0 0 0 0 0 0 0 0 0 0 0 0 0 0 0 0 0 0 0 0 0 0 0 0 0 0 0 0 0 0 0 0 0 0 0 0 0 0 0 0 0 0 0 0 0 0 0 0 0 0 0 0 0 0 0 0 0 0 0 0 0 0 0 0 0 0 0 0 0 0 0 0 0 0 0 0 0 0 0 0 0 0 0 0 0 0 0 0 0 0 0 0 0 0 0 0 0 0 0 0 0 0 0 0 0 0 0 0 0 0 0 0 0 0 0 0 0 0 0 0 0 0 0 0 0 0 0 0 0 0 0 0 0 0 0 0 0 0 0 0 0 0 0 0 0 0 0 0 0 0 0 0 0 0 0 0 0 0 0 0 0 0 0 0 0 0 0 0 0 0 0 0 0 0 0 0 0 0 0 0 0 0 0 0 0 0 0 0 0 0 0 0 0 0 0 0 0 0 0 0 0 0 0 0 0 0 0 0 0 0 0 0 0 0 0 0 0 0 0 0 0 0 0 0 0 0 0 0 0 0 0 0 0 0 0 0 0 0 0 0 0 0 0 0 0 0 0 0 0 0 0 0 0 0 0 0 0 0 0 0 0 0 0 0 0 0 0 0 0 0 0 0 0 0 0 0 0 0 0 0 0 0 0 0 0 0 0 0 0 0 0 0 0 0 0 0 0 0 0 0 0 0 0 0 0 0 0 0 0 0 0 0 0 0 0 0 0 0 0 0 0 0 0 0 0 0 0 0 0 0 0 0 0 0 0 0 0 0 0 0 0 0 0 0 0 0 0 0 0 0 0 0 0 0 0 0 0 0 0 0 0 0 0 0 0 0 0 0 0 0 0 0 0 0 0 0 0 0 0 0 0 0 0 0 0 0 0 0 0 0 0 0 0 0 0 0 0 0 0 0 0 0 0 0 0 0 0 0 0 0 0 0 0 0 0 0 0 0 0 0 0 0 0 0 0 0 0 0 0 0 0 0 0 0 0 0 0 0 0 0 0 0 0 0 0 0 0 0 0 0 0 0 0 0 0 0 0 0 0 0 0 0 0 0 0 0 0 0 0 0 0 0 0 0 0 0 0 0 0 0 0 0 0 0 0 0 0 0 0 0 0 0 0 0 0 0 0 0 0 0 0 0 0 0 0 0 0 0 0 0 0 0 0 0 0 0 0 0 0 0 0 0 0 0 0 0 0 0 0 0 0 0 0 0 0 0 0 0 0 0 0 0 0 0 0 0 0 0 0 0 0 0 0 0 0 0 0 0 0 0 0 0 0 0 0 0 0 0 0 0 0 0 0 0 0 0 0 0 0 0 0 0 0 0 0 0 0 0 0 0 0 0 0 0 0 0 0 0 0 0 0 0 0 0 0 0 0 0 0 0 0 0 0 0 0 0 0 0 0 0 0 0 0 0 0 0 0 0 0 0 0 0 0 0 0 0 0 0 0 0 0 0 0 0 0 0 0 0 0 0 0 0 0 0 0 0 0 0 0 0 0 0 0 0 0 0 0 0 0 0 0 0 0 0 0 0 0 0 0 0 0 0 0 0 0 0 0 0 0 0 0 0 0 0 0 0 0 0 0 0 0 0 0 0 0 0 0 0 0 0 0 0 0 0 0 0 0 0 0 0 0 0 0 0 0 0 0 0 0 0 0 0 0 0 0 0 0 0 0 0 0 0 0 0 0 0 0 0 0 0 0 0 0 0 0 0 0 0 0 0 0 0 0 0 0 0 0 0 0 0 0 0 0 0 0 0 0 0 0 0 0 0 0 0 0 0 0 0 0 0 0 0 0 0 0 0 0
# Psipred
0.996 0.489 0.189 0.138 0.053 0.042 0.064 0.338 0.605 0.302 0.128 0.152 0.083 0.023 0.012 0.010 0.012 0.019 0.028 0.034 0.030 0.032 0.079 0.107 0.080 0.103 0.120 0.191 0.275 0.550 0.982
0.003 0.007 0.016 0.029 0.030 0.021 0.081 0.116 0.266 0.680 0.821 0.802 0.879 0.955 0.975 0.983 0.984 0.980 0.973 0.968 0.973 0.968 0.938 0.929 0.945 0.919 0.895 0.826 0.722 0.385 0.005
0.002 0.301 0.670 0.620 0.817 0.877 0.800 0.302 0.056 0.037 0.024 0.005 0.002 0.001 0.000 0.000 0.000 0.000 0.000 0.000 0.000 0.000 0.001 0.001 0.001 0.001 0.001 0.000 0.001 0.001 0.002
# Psisolv
0.853 0.366 0.159 0.289 0.142 0.287 0.087 0.352 0.331 0.348 0.459 0.207 0.099 0.429 0.106 0.037 0.415 0.451 0.081 0.276 0.466 0.114 0.117 0.392 0.190 0.441 0.463 0.421 0.584 0.637 0.947
# pref score
0.200 0.240 0.180 0.180 0.404 0.144 0.268 0.388 0.440 0.388 0.200 0.388 0.180 0.200 0.136 0.180 0.388 0.200 0.404 0.292 0.200 0.564 0.404 0.200 0.404 0.324 0.160 0.564 0.144 0.564 0.440 0.240 0.196 0.220 0.144 0.308 0.080 0.284 0.200 0.436 0.200 0.240 0.200 0.220 0.240 0.096 0.220 0.200 0.240 0.308 0.216 0.240 0.400 0.308 0.240 0.308 0.184 0.140 0.400 0.080 0.400 0.436 0.180 0.220 0.224 0.328 0.416 0.172 0.304 0.188 0.380 0.188 0.180 0.188 0.224 0.180 0.128 0.224 0.188 0.180 0.416 0.216 0.180 0.520 0.416 0.180 0.416 0.136 0.132 0.520 0.172 0.520 0.380 0.180 0.144 0.328 0.468 0.496 0.436 0.412 0.380 0.900 0.380 0.180 0.380 0.328 0.180 0.140 0.328 0.380 0.180 0.496 0.660 0.180 0.788 0.496 0.180 0.496 0.344 0.228 0.788 0.436 0.788 0.900 0.404 0.308 0.416 0.496 0.696 0.300 0.524 0.448 0.688 0.448 0.404 0.448 0.416 0.404 0.280 0.416 0.448 0.404 0.696 0.372 0.404 1.000 0.696 0.404 0.696 0.264 0.316 1.000 0.300 1.000 0.688 0.144 0.080 0.172 0.436 0.300 0.120 0.200 0.192 0.444 0.192 0.144 0.192 0.172 0.144 0.096 0.172 0.192 0.144 0.300 0.240 0.144 0.388 0.300 0.144 0.300 0.136 0.244 0.388 0.120 0.388 0.444 0.268 0.284 0.304 0.412 0.524 0.200 0.288 0.216 0.596 0.216 0.268 0.216 0.304 0.268 0.176 0.304 0.216 0.268 0.524 0.200 0.268 0.672 0.524 0.268 0.524 0.172 0.256 0.672 0.200 0.672 0.596 0.388 0.200 0.188 0.380 0.448 0.192 0.216 0.308 0.564 0.308 0.388 0.308 0.188 0.388 0.084 0.188 0.308 0.388 0.448 0.272 0.388 0.416 0.448 0.388 0.448 0.100 0.380 0.416 0.192 0.416 0.564 0.440 0.436 0.380 0.900 0.688 0.444 0.596 0.564 0.744 0.564 0.440 0.564 0.380 0.440 0.276 0.380 0.564 0.440 0.688 0.536 0.440 0.956 0.688 0.440 0.688 0.492 0.636 0.956 0.444 0.956 0.744 0.388 0.200 0.188 0.380 0.448 0.192 0.216 0.308 0.564 0.308 0.388 0.308 0.188 0.388 0.084 0.188 0.308 0.388 0.448 0.272 0.388 0.416 0.448 0.388 0.448 0.100 0.380 0.416 0.192 0.416 0.564 0.200 0.240 0.180 0.180 0.404 0.144 0.268 0.388 0.440 0.388 0.200 0.388 0.180 0.200 0.136 0.180 0.388 0.200 0.404 0.292 0.200 0.564 0.404 0.200 0.404 0.324 0.160 0.564 0.144 0.564 0.440 0.388 0.200 0.188 0.380 0.448 0.192 0.216 0.308 0.564 0.308 0.388 0.308 0.188 0.388 0.084 0.188 0.308 0.388 0.448 0.272 0.388 0.416 0.448 0.388 0.448 0.100 0.380 0.416 0.192 0.416 0.564 0.180 0.220 0.224 0.328 0.416 0.172 0.304 0.188 0.380 0.188 0.180 0.188 0.224 0.180 0.128 0.224 0.188 0.180 0.416 0.216 0.180 0.520 0.416 0.180 0.416 0.136 0.132 0.520 0.172 0.520 0.380 0.200 0.240 0.180 0.180 0.404 0.144 0.268 0.388 0.440 0.388 0.200 0.388 0.180 0.200 0.136 0.180 0.388 0.200 0.404 0.292 0.200 0.564 0.404 0.200 0.404 0.324 0.160 0.564 0.144 0.564 0.440 0.136 0.096 0.128 0.140 0.280 0.096 0.176 0.084 0.276 0.084 0.136 0.084 0.128 0.136 0.088 0.128 0.084 0.136 0.280 0.100 0.136 0.264 0.280 0.136 0.280 0.084 0.060 0.264 0.096 0.264 0.276 0.180 0.220 0.224 0.328 0.416 0.172 0.304 0.188 0.380 0.188 0.180 0.188 0.224 0.180 0.128 0.224 0.188 0.180 0.416 0.216 0.180 0.520 0.416 0.180 0.416 0.136 0.132 0.520 0.172 0.520 0.380 0.388 0.200 0.188 0.380 0.448 0.192 0.216 0.308 0.564 0.308 0.388 0.308 0.188 0.388 0.084 0.188 0.308 0.388 0.448 0.272 0.388 0.416 0.448 0.388 0.448 0.100 0.380 0.416 0.192 0.416 0.564 0.200 0.240 0.180 0.180 0.404 0.144 0.268 0.388 0.440 0.388 0.200 0.388 0.180 0.200 0.136 0.180 0.388 0.200 0.404 0.292 0.200 0.564 0.404 0.200 0.404 0.324 0.160 0.564 0.144 0.564 0.440 0.404 0.308 0.416 0.496 0.696 0.300 0.524 0.448 0.688 0.448 0.404 0.448 0.416 0.404 0.280 0.416 0.448 0.404 0.696 0.372 0.404 1.000 0.696 0.404 0.696 0.264 0.316 1.000 0.300 1.000 0.688 0.292 0.216 0.216 0.660 0.372 0.240 0.200 0.272 0.536 0.272 0.292 0.272 0.216 0.292 0.100 0.216 0.272 0.292 0.372 0.348 0.292 0.628 0.372 0.292 0.372 0.212 0.464 0.628 0.240 0.628 0.536 0.200 0.240 0.180 0.180 0.404 0.144 0.268 0.388 0.440 0.388 0.200 0.388 0.180 0.200 0.136 0.180 0.388 0.200 0.404 0.292 0.200 0.564 0.404 0.200 0.404 0.324 0.160 0.564 0.144 0.564 0.440 0.564 0.400 0.520 0.788 1.000 0.388 0.672 0.416 0.956 0.416 0.564 0.416 0.520 0.564 0.264 0.520 0.416 0.564 1.000 0.628 0.564 0.888 1.000 0.564 1.000 0.408 0.584 0.888 0.388 0.888 0.956 0.404 0.308 0.416 0.496 0.696 0.300 0.524 0.448 0.688 0.448 0.404 0.448 0.416 0.404 0.280 0.416 0.448 0.404 0.696 0.372 0.404 1.000 0.696 0.404 0.696 0.264 0.316 1.000 0.300 1.000 0.688 0.200 0.240 0.180 0.180 0.404 0.144 0.268 0.388 0.440 0.388 0.200 0.388 0.180 0.200 0.136 0.180 0.388 0.200 0.404 0.292 0.200 0.564 0.404 0.200 0.404 0.324 0.160 0.564 0.144 0.564 0.440 0.404 0.308 0.416 0.496 0.696 0.300 0.524 0.448 0.688 0.448 0.404 0.448 0.416 0.404 0.280 0.416 0.448 0.404 0.696 0.372 0.404 1.000 0.696 0.404 0.696 0.264 0.316 1.000 0.300 1.000 0.688 0.324 0.184 0.136 0.344 0.264 0.136 0.172 0.100 0.492 0.100 0.324 0.100 0.136 0.324 0.084 0.136 0.100 0.324 0.264 0.212 0.324 0.408 0.264 0.324 0.264 0.120 0.272 0.408 0.136 0.408 0.492 0.160 0.140 0.132 0.228 0.316 0.244 0.256 0.380 0.636 0.380 0.160 0.380 0.132 0.160 0.060 0.132 0.380 0.160 0.316 0.464 0.160 0.584 0.316 0.160 0.316 0.272 0.196 0.584 0.244 0.584 0.636 0.564 0.400 0.520 0.788 1.000 0.388 0.672 0.416 0.956 0.416 0.564 0.416 0.520 0.564 0.264 0.520 0.416 0.564 1.000 0.628 0.564 0.888 1.000 0.564 1.000 0.408 0.584 0.888 0.388 0.888 0.956 0.144 0.080 0.172 0.436 0.300 0.120 0.200 0.192 0.444 0.192 0.144 0.192 0.172 0.144 0.096 0.172 0.192 0.144 0.300 0.240 0.144 0.388 0.300 0.144 0.300 0.136 0.244 0.388 0.120 0.388 0.444 0.564 0.400 0.520 0.788 1.000 0.388 0.672 0.416 0.956 0.416 0.564 0.416 0.520 0.564 0.264 0.520 0.416 0.564 1.000 0.628 0.564 0.888 1.000 0.564 1.000 0.408 0.584 0.888 0.388 0.888 0.956 0.440 0.436 0.380 0.900 0.688 0.444 0.596 0.564 0.744 0.564 0.440 0.564 0.380 0.440 0.276 0.380 0.564 0.440 0.688 0.536 0.440 0.956 0.688 0.440 0.688 0.492 0.636 0.956 0.444 0.956 0.744
# scld lu con pot
0.889 0.635 0.683 0.857 0.698 0.873 0.698 0.698 0.905 0.698 0.889 0.698 0.683 0.889 0.698 0.683 0.698 0.889 0.698 0.873 0.889 0.873 0.698 0.889 0.698 0.825 1.000 0.873 0.873 0.873 0.905 0.635 0.333 0.333 0.587 0.365 0.603 0.381 0.492 0.571 0.492 0.635 0.492 0.333 0.635 0.365 0.333 0.492 0.635 0.365 0.619 0.635 0.540 0.365 0.635 0.365 0.667 0.635 0.540 0.603 0.540 0.571 0.683 0.333 0.222 0.556 0.333 0.556 0.317 0.508 0.571 0.508 0.683 0.508 0.222 0.683 0.317 0.222 0.508 0.683 0.333 0.587 0.683 0.508 0.333 0.683 0.333 0.667 0.714 0.508 0.556 0.508 0.571 0.857 0.587 0.556 0.683 0.587 0.778 0.571 0.714 0.794 0.714 0.857 0.714 0.556 0.857 0.619 0.556 0.714 0.857 0.587 0.778 0.857 0.762 0.587 0.857 0.587 0.825 0.857 0.762 0.778 0.762 0.794 0.698 0.365 0.333 0.587 0.270 0.603 0.333 0.540 0.635 0.540 0.698 0.540 0.333 0.698 0.349 0.333 0.540 0.698 0.270 0.651 0.698 0.540 0.270 0.698 0.270 0.698 0.730 0.540 0.603 0.540 0.635 0.873 0.603 0.556 0.778 0.603 0.667 0.603 0.714 0.794 0.714 0.873 0.714 0.556 0.873 0.587 0.556 0.714 0.873 0.603 0.794 0.873 0.778 0.603 0.873 0.603 0.857 0.841 0.778 0.667 0.778 0.794 0.698 0.381 0.317 0.571 0.333 0.603 0.270 0.524 0.635 0.524 0.698 0.524 0.317 0.698 0.381 0.317 0.524 0.698 0.333 0.651 0.698 0.556 0.333 0.698 0.333 0.698 0.746 0.556 0.603 0.556 0.635 0.698 0.492 0.508 0.714 0.540 0.714 0.524 0.603 0.714 0.603 0.698 0.603 0.508 0.698 0.587 0.508 0.603 0.698 0.540 0.714 0.698 0.698 0.540 0.698 0.540 0.825 0.667 0.698 0.714 0.698 0.714 0.905 0.571 0.571 0.794 0.635 0.794 0.635 0.714 0.762 0.714 0.905 0.714 0.571 0.905 0.635 0.571 0.714 0.905 0.635 0.810 0.905 0.762 0.635 0.905 0.635 0.873 0.905 0.762 0.794 0.762 0.762 0.698 0.492 0.508 0.714 0.540 0.714 0.524 0.603 0.714 0.603 0.698 0.603 0.508 0.698 0.587 0.508 0.603 0.698 0.540 0.714 0.698 0.698 0.540 0.698 0.540 0.825 0.667 0.698 0.714 0.698 0.714 0.889 0.635 0.683 0.857 0.698 0.873 0.698 0.698 0.905 0.698 0.889 0.698 0.683 0.889 0.698 0.683 0.698 0.889 0.698 0.873 0.889 0.873 0.698 0.889 0.698 0.825 1.000 0.873 0.873 0.873 0.905 0.698 0.492 0.508 0.714 0.540 0.714 0.524 0.603 0.714 0.603 0.698 0.603 0.508 0.698 0.587 0.508 0.603 0.698 0.540 0.714 0.698 0.698 0.540 0.698 0.540 0.825 0.667 0.698 0.714 0.698 0.714 0.683 0.333 0.222 0.556 0.333 0.556 0.317 0.508 0.571 0.508 0.683 0.508 0.222 0.683 0.317 0.222 0.508 0.683 0.333 0.587 0.683 0.508 0.333 0.683 0.333 0.667 0.714 0.508 0.556 0.508 0.571 0.889 0.635 0.683 0.857 0.698 0.873 0.698 0.698 0.905 0.698 0.889 0.698 0.683 0.889 0.698 0.683 0.698 0.889 0.698 0.873 0.889 0.873 0.698 0.889 0.698 0.825 1.000 0.873 0.873 0.873 0.905 0.698 0.365 0.317 0.619 0.349 0.587 0.381 0.587 0.635 0.587 0.698 0.587 0.317 0.698 0.238 0.317 0.587 0.698 0.349 0.635 0.698 0.556 0.349 0.698 0.349 0.698 0.746 0.556 0.587 0.556 0.635 0.683 0.333 0.222 0.556 0.333 0.556 0.317 0.508 0.571 0.508 0.683 0.508 0.222 0.683 0.317 0.222 0.508 0.683 0.333 0.587 0.683 0.508 0.333 0.683 0.333 0.667 0.714 0.508 0.556 0.508 0.571 0.698 0.492 0.508 0.714 0.540 0.714 0.524 0.603 0.714 0.603 0.698 0.603 0.508 0.698 0.587 0.508 0.603 0.698 0.540 0.714 0.698 0.698 0.540 0.698 0.540 0.825 0.667 0.698 0.714 0.698 0.714 0.889 0.635 0.683 0.857 0.698 0.873 0.698 0.698 0.905 0.698 0.889 0.698 0.683 0.889 0.698 0.683 0.698 0.889 0.698 0.873 0.889 0.873 0.698 0.889 0.698 0.825 1.000 0.873 0.873 0.873 0.905 0.698 0.365 0.333 0.587 0.270 0.603 0.333 0.540 0.635 0.540 0.698 0.540 0.333 0.698 0.349 0.333 0.540 0.698 0.270 0.651 0.698 0.540 0.270 0.698 0.270 0.698 0.730 0.540 0.603 0.540 0.635 0.873 0.619 0.587 0.778 0.651 0.794 0.651 0.714 0.810 0.714 0.873 0.714 0.587 0.873 0.635 0.587 0.714 0.873 0.651 0.746 0.873 0.778 0.651 0.873 0.651 0.857 0.857 0.778 0.794 0.778 0.810 0.889 0.635 0.683 0.857 0.698 0.873 0.698 0.698 0.905 0.698 0.889 0.698 0.683 0.889 0.698 0.683 0.698 0.889 0.698 0.873 0.889 0.873 0.698 0.889 0.698 0.825 1.000 0.873 0.873 0.873 0.905 0.873 0.540 0.508 0.762 0.540 0.778 0.556 0.698 0.762 0.698 0.873 0.698 0.508 0.873 0.556 0.508 0.698 0.873 0.540 0.778 0.873 0.635 0.540 0.873 0.540 0.905 0.889 0.635 0.778 0.635 0.762 0.698 0.365 0.333 0.587 0.270 0.603 0.333 0.540 0.635 0.540 0.698 0.540 0.333 0.698 0.349 0.333 0.540 0.698 0.270 0.651 0.698 0.540 0.270 0.698 0.270 0.698 0.730 0.540 0.603 0.540 0.635 0.889 0.635 0.683 0.857 0.698 0.873 0.698 0.698 0.905 0.698 0.889 0.698 0.683 0.889 0.698 0.683 0.698 0.889 0.698 0.873 0.889 0.873 0.698 0.889 0.698 0.825 1.000 0.873 0.873 0.873 0.905 0.698 0.365 0.333 0.587 0.270 0.603 0.333 0.540 0.635 0.540 0.698 0.540 0.333 0.698 0.349 0.333 0.540 0.698 0.270 0.651 0.698 0.540 0.270 0.698 0.270 0.698 0.730 0.540 0.603 0.540 0.635 0.825 0.667 0.667 0.825 0.698 0.857 0.698 0.825 0.873 0.825 0.825 0.825 0.667 0.825 0.698 0.667 0.825 0.825 0.698 0.857 0.825 0.905 0.698 0.825 0.698 0.952 0.810 0.905 0.857 0.905 0.873 1.000 0.635 0.714 0.857 0.730 0.841 0.746 0.667 0.905 0.667 1.000 0.667 0.714 1.000 0.746 0.714 0.667 1.000 0.730 0.857 1.000 0.889 0.730 1.000 0.730 0.810 0.873 0.889 0.841 0.889 0.905 0.873 0.540 0.508 0.762 0.540 0.778 0.556 0.698 0.762 0.698 0.873 0.698 0.508 0.873 0.556 0.508 0.698 0.873 0.540 0.778 0.873 0.635 0.540 0.873 0.540 0.905 0.889 0.635 0.778 0.635 0.762 0.873 0.603 0.556 0.778 0.603 0.667 0.603 0.714 0.794 0.714 0.873 0.714 0.556 0.873 0.587 0.556 0.714 0.873 0.603 0.794 0.873 0.778 0.603 0.873 0.603 0.857 0.841 0.778 0.667 0.778 0.794 0.873 0.540 0.508 0.762 0.540 0.778 0.556 0.698 0.762 0.698 0.873 0.698 0.508 0.873 0.556 0.508 0.698 0.873 0.540 0.778 0.873 0.635 0.540 0.873 0.540 0.905 0.889 0.635 0.778 0.635 0.762 0.905 0.571 0.571 0.794 0.635 0.794 0.635 0.714 0.762 0.714 0.905 0.714 0.571 0.905 0.635 0.571 0.714 0.905 0.635 0.810 0.905 0.762 0.635 0.905 0.635 0.873 0.905 0.762 0.794 0.762 0.762
# levitt con pot
0.737 0.447 0.579 0.632 0.684 0.605 0.658 0.316 0.868 0.316 0.737 0.316 0.579 0.737 0.632 0.579 0.316 0.737 0.684 0.553 0.737 0.868 0.684 0.737 0.684 0.421 0.711 0.868 0.605 0.868 0.868 0.447 0.289 0.263 0.500 0.342 0.421 0.342 0.342 0.605 0.342 0.447 0.342 0.263 0.447 0.316 0.263 0.342 0.447 0.342 0.500 0.447 0.526 0.342 0.447 0.342 0.447 0.447 0.526 0.421 0.526 0.605 0.579 0.263 0.184 0.526 0.289 0.500 0.263 0.474 0.632 0.474 0.579 0.474 0.184 0.579 0.211 0.184 0.474 0.579 0.289 0.553 0.579 0.500 0.289 0.579 0.289 0.605 0.632 0.500 0.500 0.500 0.632 0.632 0.500 0.526 0.579 0.632 0.579 0.553 0.553 0.763 0.553 0.632 0.553 0.526 0.632 0.553 0.526 0.553 0.632 0.632 0.605 0.632 0.711 0.632 0.632 0.632 0.711 0.632 0.711 0.579 0.711 0.763 0.684 0.342 0.289 0.632 0.342 0.553 0.342 0.553 0.737 0.553 0.684 0.553 0.289 0.684 0.368 0.289 0.553 0.684 0.342 0.684 0.684 0.605 0.342 0.684 0.342 0.737 0.711 0.605 0.553 0.605 0.737 0.605 0.421 0.500 0.579 0.553 0.579 0.605 0.474 0.711 0.474 0.605 0.474 0.500 0.605 0.553 0.500 0.474 0.605 0.553 0.526 0.605 0.711 0.553 0.605 0.553 0.605 0.632 0.711 0.579 0.711 0.711 0.658 0.342 0.263 0.553 0.342 0.605 0.316 0.526 0.711 0.526 0.658 0.526 0.263 0.658 0.342 0.263 0.526 0.658 0.342 0.684 0.658 0.605 0.342 0.658 0.342 0.711 0.711 0.605 0.605 0.605 0.711 0.316 0.342 0.474 0.553 0.553 0.474 0.526 0.474 0.684 0.474 0.316 0.474 0.474 0.316 0.579 0.474 0.474 0.316 0.553 0.500 0.316 0.763 0.553 0.316 0.553 0.737 0.342 0.763 0.474 0.763 0.684 0.868 0.605 0.632 0.763 0.737 0.711 0.711 0.684 0.737 0.684 0.868 0.684 0.632 0.868 0.684 0.632 0.684 0.868 0.737 0.737 0.868 0.895 0.737 0.868 0.737 0.816 0.816 0.895 0.711 0.895 0.737 0.316 0.342 0.474 0.553 0.553 0.474 0.526 0.474 0.684 0.474 0.316 0.474 0.474 0.316 0.579 0.474 0.474 0.316 0.553 0.500 0.316 0.763 0.553 0.316 0.553 0.737 0.342 0.763 0.474 0.763 0.684 0.737 0.447 0.579 0.632 0.684 0.605 0.658 0.316 0.868 0.316 0.737 0.316 0.579 0.737 0.632 0.579 0.316 0.737 0.684 0.553 0.737 0.868 0.684 0.737 0.684 0.421 0.711 0.868 0.605 0.868 0.868 0.316 0.342 0.474 0.553 0.553 0.474 0.526 0.474 0.684 0.474 0.316 0.474 0.474 0.316 0.579 0.474 0.474 0.316 0.553 0.500 0.316 0.763 0.553 0.316 0.553 0.737 0.342 0.763 0.474 0.763 0.684 0.579 0.263 0.184 0.526 0.289 0.500 0.263 0.474 0.632 0.474 0.579 0.474 0.184 0.579 0.211 0.184 0.474 0.579 0.289 0.553 0.579 0.500 0.289 0.579 0.289 0.605 0.632 0.500 0.500 0.500 0.632 0.737 0.447 0.579 0.632 0.684 0.605 0.658 0.316 0.868 0.316 0.737 0.316 0.579 0.737 0.632 0.579 0.316 0.737 0.684 0.553 0.737 0.868 0.684 0.737 0.684 0.421 0.711 0.868 0.605 0.868 0.868 0.632 0.316 0.211 0.553 0.368 0.553 0.342 0.579 0.684 0.579 0.632 0.579 0.211 0.632 0.316 0.211 0.579 0.632 0.368 0.632 0.632 0.579 0.368 0.632 0.368 0.684 0.737 0.579 0.553 0.579 0.684 0.579 0.263 0.184 0.526 0.289 0.500 0.263 0.474 0.632 0.474 0.579 0.474 0.184 0.579 0.211 0.184 0.474 0.579 0.289 0.553 0.579 0.500 0.289 0.579 0.289 0.605 0.632 0.500 0.500 0.500 0.632 0.316 0.342 0.474 0.553 0.553 0.474 0.526 0.474 0.684 0.474 0.316 0.474 0.474 0.316 0.579 0.474 0.474 0.316 0.553 0.500 0.316 0.763 0.553 0.316 0.553 0.737 0.342 0.763 0.474 0.763 0.684 0.737 0.447 0.579 0.632 0.684 0.605 0.658 0.316 0.868 0.316 0.737 0.316 0.579 0.737 0.632 0.579 0.316 0.737 0.684 0.553 0.737 0.868 0.684 0.737 0.684 0.421 0.711 0.868 0.605 0.868 0.868 0.684 0.342 0.289 0.632 0.342 0.553 0.342 0.553 0.737 0.553 0.684 0.553 0.289 0.684 0.368 0.289 0.553 0.684 0.342 0.684 0.684 0.605 0.342 0.684 0.342 0.737 0.711 0.605 0.553 0.605 0.737 0.553 0.500 0.553 0.605 0.684 0.526 0.684 0.500 0.737 0.500 0.553 0.500 0.553 0.553 0.632 0.553 0.500 0.553 0.684 0.526 0.553 0.789 0.684 0.553 0.684 0.632 0.553 0.789 0.526 0.789 0.737 0.737 0.447 0.579 0.632 0.684 0.605 0.658 0.316 0.868 0.316 0.737 0.316 0.579 0.737 0.632 0.579 0.316 0.737 0.684 0.553 0.737 0.868 0.684 0.737 0.684 0.421 0.711 0.868 0.605 0.868 0.868 0.868 0.526 0.500 0.711 0.605 0.711 0.605 0.763 0.895 0.763 0.868 0.763 0.500 0.868 0.579 0.500 0.763 0.868 0.605 0.789 0.868 0.842 0.605 0.868 0.605 0.974 0.789 0.842 0.711 0.842 0.895 0.684 0.342 0.289 0.632 0.342 0.553 0.342 0.553 0.737 0.553 0.684 0.553 0.289 0.684 0.368 0.289 0.553 0.684 0.342 0.684 0.684 0.605 0.342 0.684 0.342 0.737 0.711 0.605 0.553 0.605 0.737 0.737 0.447 0.579 0.632 0.684 0.605 0.658 0.316 0.868 0.316 0.737 0.316 0.579 0.737 0.632 0.579 0.316 0.737 0.684 0.553 0.737 0.868 0.684 0.737 0.684 0.421 0.711 0.868 0.605 0.868 0.868 0.684 0.342 0.289 0.632 0.342 0.553 0.342 0.553 0.737 0.553 0.684 0.553 0.289 0.684 0.368 0.289 0.553 0.684 0.342 0.684 0.684 0.605 0.342 0.684 0.342 0.737 0.711 0.605 0.553 0.605 0.737 0.421 0.447 0.605 0.711 0.737 0.605 0.711 0.737 0.816 0.737 0.421 0.737 0.605 0.421 0.684 0.605 0.737 0.421 0.737 0.632 0.421 0.974 0.737 0.421 0.737 0.895 0.447 0.974 0.605 0.974 0.816 0.711 0.447 0.632 0.632 0.711 0.632 0.711 0.342 0.816 0.342 0.711 0.342 0.632 0.711 0.737 0.632 0.342 0.711 0.711 0.553 0.711 0.789 0.711 0.711 0.711 0.447 0.711 0.789 0.632 0.789 0.816 0.868 0.526 0.500 0.711 0.605 0.711 0.605 0.763 0.895 0.763 0.868 0.763 0.500 0.868 0.579 0.500 0.763 0.868 0.605 0.789 0.868 0.842 0.605 0.868 0.605 0.974 0.789 0.842 0.711 0.842 0.895 0.605 0.421 0.500 0.579 0.553 0.579 0.605 0.474 0.711 0.474 0.605 0.474 0.500 0.605 0.553 0.500 0.474 0.605 0.553 0.526 0.605 0.711 0.553 0.605 0.553 0.605 0.632 0.711 0.579 0.711 0.711 0.868 0.526 0.500 0.711 0.605 0.711 0.605 0.763 0.895 0.763 0.868 0.763 0.500 0.868 0.579 0.500 0.763 0.868 0.605 0.789 0.868 0.842 0.605 0.868 0.605 0.974 0.789 0.842 0.711 0.842 0.895 0.868 0.605 0.632 0.763 0.737 0.711 0.711 0.684 0.737 0.684 0.868 0.684 0.632 0.868 0.684 0.632 0.684 0.868 0.737 0.737 0.868 0.895 0.737 0.868 0.737 0.816 0.816 0.895 0.711 0.895 0.737
# braun con pot
0.730 0.627 0.668 0.634 0.708 0.488 0.714 0.286 0.615 0.286 0.730 0.286 0.668 0.730 0.686 0.668 0.286 0.730 0.708 0.786 0.730 0.714 0.708 0.730 0.708 0.202 0.817 0.714 0.488 0.714 0.615 0.627 0.516 0.466 0.621 0.519 0.531 0.444 0.559 0.484 0.559 0.627 0.559 0.466 0.627 0.553 0.466 0.559 0.627 0.519 0.506 0.627 0.494 0.519 0.627 0.519 0.550 0.739 0.494 0.531 0.494 0.484 0.668 0.466 0.394 0.627 0.463 0.537 0.534 0.646 0.522 0.646 0.668 0.646 0.394 0.668 0.438 0.394 0.646 0.668 0.463 0.587 0.668 0.500 0.463 0.668 0.463 0.783 0.652 0.500 0.537 0.500 0.522 0.634 0.621 0.627 0.370 0.727 0.453 0.655 0.453 0.637 0.453 0.634 0.453 0.627 0.634 0.683 0.627 0.453 0.634 0.727 0.531 0.634 0.568 0.727 0.634 0.727 0.469 0.649 0.568 0.453 0.568 0.637 0.708 0.519 0.463 0.727 0.416 0.658 0.410 0.665 0.537 0.665 0.708 0.665 0.463 0.708 0.450 0.463 0.665 0.708 0.416 0.627 0.708 0.475 0.416 0.708 0.416 0.665 0.798 0.475 0.658 0.475 0.537 0.488 0.531 0.537 0.453 0.658 0.497 0.686 0.724 0.717 0.724 0.488 0.724 0.537 0.488 0.571 0.537 0.724 0.488 0.658 0.612 0.488 0.658 0.658 0.488 0.658 0.565 0.540 0.658 0.497 0.658 0.717 0.714 0.444 0.534 0.655 0.410 0.686 0.401 0.565 0.634 0.565 0.714 0.565 0.534 0.714 0.615 0.534 0.565 0.714 0.410 1.000 0.714 0.472 0.410 0.714 0.410 0.550 0.630 0.472 0.686 0.472 0.634 0.286 0.559 0.646 0.453 0.665 0.724 0.565 0.540 0.674 0.540 0.286 0.540 0.646 0.286 0.714 0.646 0.540 0.286 0.665 0.550 0.286 0.733 0.665 0.286 0.665 0.730 0.304 0.733 0.724 0.733 0.674 0.615 0.484 0.522 0.637 0.537 0.717 0.634 0.674 0.460 0.674 0.615 0.674 0.522 0.615 0.627 0.522 0.674 0.615 0.537 0.702 0.615 0.506 0.537 0.615 0.537 0.724 0.469 0.506 0.717 0.506 0.460 0.286 0.559 0.646 0.453 0.665 0.724 0.565 0.540 0.674 0.540 0.286 0.540 0.646 0.286 0.714 0.646 0.540 0.286 0.665 0.550 0.286 0.733 0.665 0.286 0.665 0.730 0.304 0.733 0.724 0.733 0.674 0.730 0.627 0.668 0.634 0.708 0.488 0.714 0.286 0.615 0.286 0.730 0.286 0.668 0.730 0.686 0.668 0.286 0.730 0.708 0.786 0.730 0.714 0.708 0.730 0.708 0.202 0.817 0.714 0.488 0.714 0.615 0.286 0.559 0.646 0.453 0.665 0.724 0.565 0.540 0.674 0.540 0.286 0.540 0.646 0.286 0.714 0.646 0.540 0.286 0.665 0.550 0.286 0.733 0.665 0.286 0.665 0.730 0.304 0.733 0.724 0.733 0.674 0.668 0.466 0.394 0.627 0.463 0.537 0.534 0.646 0.522 0.646 0.668 0.646 0.394 0.668 0.438 0.394 0.646 0.668 0.463 0.587 0.668 0.500 0.463 0.668 0.463 0.783 0.652 0.500 0.537 0.500 0.522 0.730 0.627 0.668 0.634 0.708 0.488 0.714 0.286 0.615 0.286 0.730 0.286 0.668 0.730 0.686 0.668 0.286 0.730 0.708 0.786 0.730 0.714 0.708 0.730 0.708 0.202 0.817 0.714 0.488 0.714 0.615 0.686 0.553 0.438 0.683 0.450 0.571 0.615 0.714 0.627 0.714 0.686 0.714 0.438 0.686 0.317 0.438 0.714 0.686 0.450 0.388 0.686 0.543 0.450 0.686 0.450 0.686 0.615 0.543 0.571 0.543 0.627 0.668 0.466 0.394 0.627 0.463 0.537 0.534 0.646 0.522 0.646 0.668 0.646 0.394 0.668 0.438 0.394 0.646 0.668 0.463 0.587 0.668 0.500 0.463 0.668 0.463 0.783 0.652 0.500 0.537 0.500 0.522 0.286 0.559 0.646 0.453 0.665 0.724 0.565 0.540 0.674 0.540 0.286 0.540 0.646 0.286 0.714 0.646 0.540 0.286 0.665 0.550 0.286 0.733 0.665 0.286 0.665 0.730 0.304 0.733 0.724 0.733 0.674 0.730 0.627 0.668 0.634 0.708 0.488 0.714 0.286 0.615 0.286 0.730 0.286 0.668 0.730 0.686 0.668 0.286 0.730 0.708 0.786 0.730 0.714 0.708 0.730 0.708 0.202 0.817 0.714 0.488 0.714 0.615 0.708 0.519 0.463 0.727 0.416 0.658 0.410 0.665 0.537 0.665 0.708 0.665 0.463 0.708 0.450 0.463 0.665 0.708 0.416 0.627 0.708 0.475 0.416 0.708 0.416 0.665 0.798 0.475 0.658 0.475 0.537 0.786 0.506 0.587 0.531 0.627 0.612 1.000 0.550 0.702 0.550 0.786 0.550 0.587 0.786 0.388 0.587 0.550 0.786 0.627 0.410 0.786 0.537 0.627 0.786 0.627 0.466 0.416 0.537 0.612 0.537 0.702 0.730 0.627 0.668 0.634 0.708 0.488 0.714 0.286 0.615 0.286 0.730 0.286 0.668 0.730 0.686 0.668 0.286 0.730 0.708 0.786 0.730 0.714 0.708 0.730 0.708 0.202 0.817 0.714 0.488 0.714 0.615 0.714 0.494 0.500 0.568 0.475 0.658 0.472 0.733 0.506 0.733 0.714 0.733 0.500 0.714 0.543 0.500 0.733 0.714 0.475 0.537 0.714 0.494 0.475 0.714 0.475 0.637 0.624 0.494 0.658 0.494 0.506 0.708 0.519 0.463 0.727 0.416 0.658 0.410 0.665 0.537 0.665 0.708 0.665 0.463 0.708 0.450 0.463 0.665 0.708 0.416 0.627 0.708 0.475 0.416 0.708 0.416 0.665 0.798 0.475 0.658 0.475 0.537 0.730 0.627 0.668 0.634 0.708 0.488 0.714 0.286 0.615 0.286 0.730 0.286 0.668 0.730 0.686 0.668 0.286 0.730 0.708 0.786 0.730 0.714 0.708 0.730 0.708 0.202 0.817 0.714 0.488 0.714 0.615 0.708 0.519 0.463 0.727 0.416 0.658 0.410 0.665 0.537 0.665 0.708 0.665 0.463 0.708 0.450 0.463 0.665 0.708 0.416 0.627 0.708 0.475 0.416 0.708 0.416 0.665 0.798 0.475 0.658 0.475 0.537 0.202 0.550 0.783 0.469 0.665 0.565 0.550 0.730 0.724 0.730 0.202 0.730 0.783 0.202 0.686 0.783 0.730 0.202 0.665 0.466 0.202 0.637 0.665 0.202 0.665 0.615 0.416 0.637 0.565 0.637 0.724 0.817 0.739 0.652 0.649 0.798 0.540 0.630 0.304 0.469 0.304 0.817 0.304 0.652 0.817 0.615 0.652 0.304 0.817 0.798 0.416 0.817 0.624 0.798 0.817 0.798 0.416 0.584 0.624 0.540 0.624 0.469 0.714 0.494 0.500 0.568 0.475 0.658 0.472 0.733 0.506 0.733 0.714 0.733 0.500 0.714 0.543 0.500 0.733 0.714 0.475 0.537 0.714 0.494 0.475 0.714 0.475 0.637 0.624 0.494 0.658 0.494 0.506 0.488 0.531 0.537 0.453 0.658 0.497 0.686 0.724 0.717 0.724 0.488 0.724 0.537 0.488 0.571 0.537 0.724 0.488 0.658 0.612 0.488 0.658 0.658 0.488 0.658 0.565 0.540 0.658 0.497 0.658 0.717 0.714 0.494 0.500 0.568 0.475 0.658 0.472 0.733 0.506 0.733 0.714 0.733 0.500 0.714 0.543 0.500 0.733 0.714 0.475 0.537 0.714 0.494 0.475 0.714 0.475 0.637 0.624 0.494 0.658 0.494 0.506 0.615 0.484 0.522 0.637 0.537 0.717 0.634 0.674 0.460 0.674 0.615 0.674 0.522 0.615 0.627 0.522 0.674 0.615 0.537 0.702 0.615 0.506 0.537 0.615 0.537 0.724 0.469 0.506 0.717 0.506 0.460
# joint entro
0.000 0.050 0.000 0.033 0.000 0.116 0.000 0.061 0.000 0.042 0.168 0.054 0.088 0.061 0.168 0.081 0.133 0.076 0.117 0.000 0.000 0.000 0.000 0.000 0.054 0.038 0.050 0.033 0.116 0.092 0.106 0.050 0.000 0.050 0.084 0.050 0.166 0.050 0.112 0.050 0.093 0.218 0.105 0.138 0.112 0.219 0.131 0.184 0.126 0.167 0.050 0.050 0.050 0.050 0.050 0.105 0.088 0.101 0.084 0.166 0.142 0.156 0.000 0.050 0.000 0.033 0.000 0.116 0.000 0.061 0.000 0.042 0.168 0.054 0.088 0.061 0.168 0.081 0.133 0.076 0.117 0.000 0.000 0.000 0.000 0.000 0.054 0.038 0.050 0.033 0.116 0.092 0.106 0.033 0.084 0.033 0.000 0.033 0.149 0.033 0.094 0.033 0.075 0.201 0.087 0.121 0.094 0.202 0.114 0.166 0.109 0.150 0.033 0.033 0.033 0.033 0.033 0.087 0.071 0.084 0.066 0.149 0.125 0.139 0.000 0.050 0.000 0.033 0.000 0.116 0.000 0.061 0.000 0.042 0.168 0.054 0.088 0.061 0.168 0.081 0.133 0.076 0.117 0.000 0.000 0.000 0.000 0.000 0.054 0.038 0.050 0.033 0.116 0.092 0.106 0.116 0.166 0.116 0.149 0.116 0.000 0.116 0.177 0.116 0.158 0.283 0.170 0.203 0.177 0.285 0.197 0.249 0.191 0.232 0.116 0.116 0.116 0.116 0.116 0.170 0.153 0.166 0.149 0.231 0.207 0.221 0.000 0.050 0.000 0.033 0.000 0.116 0.000 0.061 0.000 0.042 0.168 0.054 0.088 0.061 0.168 0.081 0.133 0.076 0.117 0.000 0.000 0.000 0.000 0.000 0.054 0.038 0.050 0.033 0.116 0.092 0.106 0.061 0.112 0.061 0.094 0.061 0.177 0.061 0.000 0.061 0.103 0.229 0.115 0.149 0.122 0.230 0.142 0.194 0.137 0.178 0.061 0.061 0.061 0.061 0.061 0.115 0.099 0.112 0.094 0.177 0.153 0.167 0.000 0.050 0.000 0.033 0.000 0.116 0.000 0.061 0.000 0.042 0.168 0.054 0.088 0.061 0.168 0.081 0.133 0.076 0.117 0.000 0.000 0.000 0.000 0.000 0.054 0.038 0.050 0.033 0.116 0.092 0.106 0.042 0.093 0.042 0.075 0.042 0.158 0.042 0.103 0.042 0.000 0.210 0.096 0.130 0.103 0.211 0.123 0.175 0.118 0.159 0.042 0.042 0.042 0.042 0.042 0.096 0.080 0.093 0.075 0.158 0.134 0.148 0.168 0.218 0.168 0.201 0.168 0.283 0.168 0.229 0.168 0.210 0.000 0.222 0.255 0.229 0.337 0.249 0.301 0.242 0.284 0.168 0.168 0.168 0.168 0.168 0.222 0.205 0.218 0.201 0.283 0.259 0.273 0.054 0.105 0.054 0.087 0.054 0.170 0.054 0.115 0.054 0.096 0.222 0.000 0.142 0.115 0.223 0.135 0.187 0.130 0.171 0.054 0.054 0.054 0.054 0.054 0.108 0.092 0.105 0.087 0.170 0.146 0.160 0.088 0.138 0.088 0.121 0.088 0.203 0.088 0.149 0.088 0.130 0.255 0.142 0.000 0.149 0.257 0.169 0.221 0.163 0.205 0.088 0.088 0.088 0.088 0.088 0.142 0.126 0.138 0.121 0.203 0.180 0.194 0.061 0.112 0.061 0.094 0.061 0.177 0.061 0.122 0.061 0.103 0.229 0.115 0.149 0.000 0.230 0.142 0.194 0.137 0.178 0.061 0.061 0.061 0.061 0.061 0.115 0.099 0.112 0.094 0.177 0.153 0.167 0.168 0.219 0.168 0.202 0.168 0.285 0.168 0.230 0.168 0.211 0.337 0.223 0.257 0.230 0.000 0.250 0.303 0.243 0.286 0.168 0.168 0.168 0.168 0.168 0.223 0.206 0.219 0.202 0.285 0.261 0.275 0.081 0.131 0.081 0.114 0.081 0.197 0.081 0.142 0.081 0.123 0.249 0.135 0.169 0.142 0.250 0.000 0.214 0.156 0.198 0.081 0.081 0.081 0.081 0.081 0.135 0.119 0.131 0.114 0.197 0.173 0.187 0.133 0.184 0.133 0.166 0.133 0.249 0.133 0.194 0.133 0.175 0.301 0.187 0.221 0.194 0.303 0.214 0.000 0.208 0.250 0.133 0.133 0.133 0.133 0.133 0.187 0.171 0.184 0.166 0.249 0.225 0.239 0.076 0.126 0.076 0.109 0.076 0.191 0.076 0.137 0.076 0.118 0.242 0.130 0.163 0.137 0.243 0.156 0.208 0.000 0.192 0.076 0.076 0.076 0.076 0.076 0.130 0.114 0.126 0.109 0.191 0.167 0.181 0.117 0.167 0.117 0.150 0.117 0.232 0.117 0.178 0.117 0.159 0.284 0.171 0.205 0.178 0.286 0.198 0.250 0.192 0.000 0.117 0.117 0.117 0.117 0.117 0.171 0.155 0.167 0.150 0.232 0.209 0.222 0.000 0.050 0.000 0.033 0.000 0.116 0.000 0.061 0.000 0.042 0.168 0.054 0.088 0.061 0.168 0.081 0.133 0.076 0.117 0.000 0.000 0.000 0.000 0.000 0.054 0.038 0.050 0.033 0.116 0.092 0.106 0.000 0.050 0.000 0.033 0.000 0.116 0.000 0.061 0.000 0.042 0.168 0.054 0.088 0.061 0.168 0.081 0.133 0.076 0.117 0.000 0.000 0.000 0.000 0.000 0.054 0.038 0.050 0.033 0.116 0.092 0.106 0.000 0.050 0.000 0.033 0.000 0.116 0.000 0.061 0.000 0.042 0.168 0.054 0.088 0.061 0.168 0.081 0.133 0.076 0.117 0.000 0.000 0.000 0.000 0.000 0.054 0.038 0.050 0.033 0.116 0.092 0.106 0.000 0.050 0.000 0.033 0.000 0.116 0.000 0.061 0.000 0.042 0.168 0.054 0.088 0.061 0.168 0.081 0.133 0.076 0.117 0.000 0.000 0.000 0.000 0.000 0.054 0.038 0.050 0.033 0.116 0.092 0.106 0.000 0.050 0.000 0.033 0.000 0.116 0.000 0.061 0.000 0.042 0.168 0.054 0.088 0.061 0.168 0.081 0.133 0.076 0.117 0.000 0.000 0.000 0.000 0.000 0.054 0.038 0.050 0.033 0.116 0.092 0.106 0.054 0.105 0.054 0.087 0.054 0.170 0.054 0.115 0.054 0.096 0.222 0.108 0.142 0.115 0.223 0.135 0.187 0.130 0.171 0.054 0.054 0.054 0.054 0.054 0.000 0.092 0.105 0.087 0.170 0.146 0.160 0.038 0.088 0.038 0.071 0.038 0.153 0.038 0.099 0.038 0.080 0.205 0.092 0.126 0.099 0.206 0.119 0.171 0.114 0.155 0.038 0.038 0.038 0.038 0.038 0.092 0.000 0.088 0.071 0.153 0.130 0.144 0.050 0.101 0.050 0.084 0.050 0.166 0.050 0.112 0.050 0.093 0.218 0.105 0.138 0.112 0.219 0.131 0.184 0.126 0.167 0.050 0.050 0.050 0.050 0.050 0.105 0.088 0.000 0.084 0.166 0.142 0.156 0.033 0.084 0.033 0.066 0.033 0.149 0.033 0.094 0.033 0.075 0.201 0.087 0.121 0.094 0.202 0.114 0.166 0.109 0.150 0.033 0.033 0.033 0.033 0.033 0.087 0.071 0.084 0.000 0.149 0.125 0.139 0.116 0.166 0.116 0.149 0.116 0.231 0.116 0.177 0.116 0.158 0.283 0.170 0.203 0.177 0.285 0.197 0.249 0.191 0.232 0.116 0.116 0.116 0.116 0.116 0.170 0.153 0.166 0.149 0.000 0.207 0.221 0.092 0.142 0.092 0.125 0.092 0.207 0.092 0.153 0.092 0.134 0.259 0.146 0.180 0.153 0.261 0.173 0.225 0.167 0.209 0.092 0.092 0.092 0.092 0.092 0.146 0.130 0.142 0.125 0.207 0.000 0.198 0.106 0.156 0.106 0.139 0.106 0.221 0.106 0.167 0.106 0.148 0.273 0.160 0.194 0.167 0.275 0.187 0.239 0.181 0.222 0.106 0.106 0.106 0.106 0.106 0.160 0.144 0.156 0.139 0.221 0.198 0.000
# pearson r
1.000 0.471 0.474 0.472 0.474 0.462 0.474 0.470 0.474 0.472 0.961 0.471 0.467 0.995 0.463 0.468 0.465 0.998 0.465 0.474 1.000 0.474 0.474 1.000 0.471 0.472 0.523 0.472 0.466 0.466 0.464 0.471 1.000 0.471 0.522 0.471 0.458 0.471 0.467 0.471 0.469 0.456 0.468 0.609 0.467 0.459 0.465 0.462 0.467 0.462 0.471 0.471 0.471 0.471 0.471 0.468 0.469 0.468 0.472 0.463 0.463 0.460 0.474 0.471 1.000 0.472 0.474 0.462 0.474 0.470 0.474 0.472 0.460 0.471 0.981 0.470 0.463 0.987 0.465 0.470 0.465 0.474 0.474 0.474 0.474 0.474 0.529 0.472 0.471 0.472 0.466 0.466 0.464 0.472 0.522 0.472 1.000 0.472 0.460 0.500 0.469 0.472 0.470 0.457 0.469 0.465 0.469 0.464 0.466 0.464 0.468 0.471 0.472 0.472 0.472 0.472 0.472 0.469 0.470 0.470 0.499 0.464 0.465 0.462 0.474 0.471 0.474 0.472 1.000 0.462 0.474 0.470 0.474 0.472 0.460 0.471 0.467 0.470 0.529 0.590 0.500 0.470 0.983 0.474 0.474 0.474 1.000 0.474 0.997 0.472 0.471 0.472 0.466 0.466 0.464 0.462 0.458 0.462 0.460 0.462 1.000 0.462 0.457 0.462 0.488 0.635 0.458 0.452 0.509 0.478 0.453 0.545 0.487 0.450 0.462 0.462 0.462 0.462 0.462 0.458 0.842 0.458 0.460 0.831 0.451 0.448 0.474 0.471 0.474 0.500 0.474 0.462 1.000 0.470 0.474 0.472 0.460 0.471 0.467 0.470 0.537 0.468 0.465 0.470 0.597 0.474 0.474 0.474 0.474 0.474 0.471 0.472 0.471 0.472 0.466 0.466 0.464 0.470 0.467 0.470 0.469 0.470 0.457 0.470 1.000 0.470 0.994 0.454 0.992 0.463 0.466 0.457 0.464 0.986 0.466 0.502 0.470 0.470 0.470 0.470 0.470 0.467 0.468 0.467 0.469 0.535 0.462 0.459 0.474 0.471 0.474 0.472 0.474 0.462 0.474 0.470 1.000 0.472 0.460 0.471 0.467 0.470 0.463 0.468 0.465 0.470 0.465 0.474 0.474 0.474 0.474 0.474 0.471 0.472 0.471 0.472 0.466 0.466 0.946 0.472 0.469 0.472 0.470 0.472 0.488 0.472 0.994 0.472 1.000 0.462 0.995 0.465 0.468 0.463 0.466 0.996 0.468 0.504 0.472 0.472 0.472 0.472 0.472 0.469 0.470 0.469 0.470 0.564 0.464 0.461 0.961 0.456 0.460 0.457 0.460 0.635 0.460 0.454 0.460 0.462 1.000 0.455 0.449 0.981 0.449 0.451 0.476 0.972 0.447 0.460 0.961 0.500 0.460 0.961 0.455 0.651 0.505 0.498 0.520 0.488 0.463 0.471 0.468 0.471 0.469 0.471 0.458 0.471 0.992 0.471 0.995 0.455 1.000 0.463 0.467 0.458 0.464 0.987 0.470 0.503 0.529 0.471 0.471 0.471 0.471 0.468 0.469 0.468 0.469 0.523 0.463 0.460 0.467 0.609 0.981 0.465 0.467 0.452 0.467 0.463 0.467 0.465 0.449 0.463 1.000 0.463 0.453 0.966 0.457 0.462 0.457 0.467 0.467 0.467 0.467 0.467 0.520 0.465 0.464 0.465 0.458 0.458 0.455 0.995 0.467 0.470 0.469 0.470 0.509 0.470 0.466 0.470 0.468 0.981 0.467 0.463 1.000 0.457 0.464 0.467 0.998 0.461 0.470 0.995 0.470 0.470 0.995 0.467 0.540 0.519 0.469 0.461 0.462 0.459 0.463 0.459 0.463 0.464 0.529 0.478 0.537 0.457 0.463 0.463 0.449 0.458 0.453 0.457 1.000 0.470 0.462 0.457 0.535 0.463 0.463 0.463 0.529 0.463 0.525 0.494 0.459 0.460 0.496 0.452 0.449 0.468 0.465 0.987 0.466 0.590 0.453 0.468 0.464 0.468 0.466 0.451 0.464 0.966 0.464 0.470 1.000 0.466 0.463 0.578 0.468 0.468 0.468 0.590 0.468 0.644 0.466 0.465 0.466 0.459 0.459 0.456 0.465 0.462 0.465 0.464 0.500 0.545 0.465 0.986 0.465 0.996 0.476 0.987 0.457 0.467 0.462 0.466 1.000 0.464 0.530 0.465 0.465 0.465 0.500 0.465 0.496 0.512 0.462 0.464 0.599 0.456 0.453 0.998 0.467 0.470 0.468 0.470 0.487 0.470 0.466 0.470 0.468 0.972 0.470 0.462 0.998 0.457 0.463 0.464 1.000 0.461 0.500 0.998 0.470 0.470 0.998 0.467 0.511 0.519 0.468 0.461 0.462 0.459 0.465 0.462 0.465 0.471 0.983 0.450 0.597 0.502 0.465 0.504 0.447 0.503 0.457 0.461 0.535 0.578 0.530 0.461 1.000 0.465 0.465 0.465 0.983 0.465 0.979 0.463 0.462 0.464 0.460 0.456 0.453 0.474 0.471 0.474 0.472 0.474 0.462 0.474 0.470 0.474 0.472 0.460 0.529 0.467 0.470 0.463 0.468 0.465 0.500 0.465 1.000 0.474 0.474 0.474 0.474 0.471 0.472 0.471 0.472 0.466 0.466 0.464 1.000 0.471 0.474 0.472 0.474 0.462 0.474 0.470 0.474 0.472 0.961 0.471 0.467 0.995 0.463 0.468 0.465 0.998 0.465 0.474 1.000 0.474 0.474 1.000 0.471 0.472 0.523 0.472 0.466 0.466 0.464 0.474 0.471 0.474 0.472 0.474 0.462 0.474 0.470 0.474 0.472 0.500 0.471 0.467 0.470 0.463 0.468 0.465 0.470 0.465 0.474 0.474 1.000 0.474 0.474 0.471 0.472 0.471 0.999 0.466 0.976 0.702 0.474 0.471 0.474 0.472 1.000 0.462 0.474 0.470 0.474 0.472 0.460 0.471 0.467 0.470 0.529 0.590 0.500 0.470 0.983 0.474 0.474 0.474 1.000 0.474 0.997 0.472 0.471 0.472 0.466 0.466 0.464 1.000 0.471 0.474 0.472 0.474 0.462 0.474 0.470 0.474 0.472 0.961 0.471 0.467 0.995 0.463 0.468 0.465 0.998 0.465 0.474 1.000 0.474 0.474 1.000 0.471 0.472 0.523 0.472 0.466 0.466 0.464 0.471 0.468 0.529 0.469 0.997 0.458 0.471 0.467 0.471 0.469 0.455 0.468 0.520 0.467 0.525 0.644 0.496 0.467 0.979 0.471 0.471 0.471 0.997 0.471 1.000 0.469 0.468 0.469 0.462 0.463 0.460 0.472 0.469 0.472 0.470 0.472 0.842 0.472 0.468 0.472 0.470 0.651 0.469 0.465 0.540 0.494 0.466 0.512 0.511 0.463 0.472 0.472 0.472 0.472 0.472 0.469 1.000 0.469 0.470 0.464 0.464 0.462 0.523 0.468 0.471 0.470 0.471 0.458 0.471 0.467 0.471 0.469 0.505 0.468 0.464 0.519 0.459 0.465 0.462 0.519 0.462 0.471 0.523 0.471 0.471 0.523 0.468 0.469 1.000 0.470 0.463 0.463 0.460 0.472 0.472 0.472 0.499 0.472 0.460 0.472 0.469 0.472 0.470 0.498 0.469 0.465 0.469 0.460 0.466 0.464 0.468 0.464 0.472 0.472 0.999 0.472 0.472 0.469 0.470 0.470 1.000 0.464 0.975 0.700 0.466 0.463 0.466 0.464 0.466 0.831 0.466 0.535 0.466 0.564 0.520 0.523 0.458 0.461 0.496 0.459 0.599 0.461 0.460 0.466 0.466 0.466 0.466 0.466 0.462 0.464 0.463 0.464 1.000 0.457 0.454 0.466 0.463 0.466 0.465 0.466 0.451 0.466 0.462 0.466 0.464 0.488 0.463 0.458 0.462 0.452 0.459 0.456 0.462 0.456 0.466 0.466 0.976 0.466 0.466 0.463 0.464 0.463 0.975 0.457 1.000 0.684 0.464 0.460 0.464 0.462 0.464 0.448 0.464 0.459 0.946 0.461 0.463 0.460 0.455 0.459 0.449 0.456 0.453 0.459 0.453 0.464 0.464 0.702 0.464 0.464 0.460 0.462 0.460 0.700 0.454 0.684 1.000
# Shannon entropy sum
0.778 0.896 0.785 0.867 0.807 0.911 0.753 0.814 0.701 0.712 0.846 0.849 0.755 0.759 0.857 0.772 0.851 0.803 0.806 0.844 0.780 0.836 0.722 0.791 0.803 0.928 0.868 0.944 0.923 0.893 0.878
# ccmpred
1.0000 0.1675 0.4702 0.1369 0.2162 0.1505 0.1550 0.1106 0.2365 0.1442 0.0884 0.1756 0.2861 0.1997 0.1312 0.1254 0.1495 0.0938 0.0594 0.1219 0.1545 0.1223 0.0808 0.1026 0.0913 0.1501 0.1086 0.1332 0.0988 0.1311 0.1506 0.1675 1.0000 0.2057 0.2099 0.0755 0.1812 0.0402 0.1439 0.1219 0.2152 0.2200 0.1246 0.2101 0.1953 0.1660 0.0586 0.2075 0.2384 0.2467 0.1134 0.1565 0.0590 0.1592 0.1741 0.2004 0.1761 0.1541 0.1705 0.1984 0.1379 0.1143 0.4702 0.2057 1.0000 0.3300 0.1404 0.1819 0.0768 0.1079 0.1011 0.3679 0.0977 0.1431 0.1719 0.2033 0.0845 0.1202 0.1449 0.1307 0.1087 0.1011 0.1571 0.0914 0.0654 0.1256 0.1296 0.1285 0.0641 0.0980 0.1507 0.0556 0.2385 0.1369 0.2099 0.3300 1.0000 0.2269 0.2659 0.2517 0.2088 0.0883 0.1552 0.1142 0.1844 0.1600 0.0627 0.1022 0.1549 0.1175 0.0961 0.2052 0.1259 0.1945 0.0789 0.0935 0.1442 0.1139 0.1375 0.1923 0.1720 0.1562 0.1217 0.1983 0.2162 0.0755 0.1404 0.2269 1.0000 0.2394 0.2622 0.1830 0.1628 0.1066 0.0558 0.2130 0.0793 0.0770 0.2155 0.0919 0.2681 0.1853 0.2262 0.1363 0.1906 0.1230 0.1729 0.1516 0.1315 0.1437 0.2151 0.1062 0.0620 0.0759 0.0994 0.1505 0.1812 0.1819 0.2659 0.2394 1.0000 0.1346 0.2543 0.0736 0.0635 0.1570 0.1445 0.2273 0.1041 0.1567 0.1084 0.1516 0.1659 0.2314 0.1997 0.1369 0.1479 0.1533 0.1317 0.0859 0.0955 0.2425 0.1722 0.1736 0.2063 0.1637 0.1550 0.0402 0.0768 0.2517 0.2622 0.1346 1.0000 0.1284 0.1484 0.1204 0.3929 0.2137 0.0798 0.1256 0.0780 0.2699 0.1727 0.1417 0.1994 0.0966 0.0953 0.1625 0.1437 0.0964 0.0860 0.1013 0.1327 0.1436 0.1839 0.0963 0.1751 0.1106 0.1439 0.1079 0.2088 0.1830 0.2543 0.1284 1.0000 0.1271 0.1011 0.1531 0.2617 0.1943 0.1097 0.2212 0.2840 0.0822 0.1568 0.0804 0.0812 0.1052 0.1082 0.1383 0.2021 0.2865 0.0520 0.1368 0.1121 0.1212 0.1866 0.2299 0.2365 0.1219 0.1011 0.0883 0.1628 0.0736 0.1484 0.1271 1.0000 0.1900 0.1799 0.1830 0.1616 0.2760 0.1149 0.1125 0.0713 0.2179 0.1293 0.2102 0.1289 0.1346 0.1722 0.1535 0.1446 0.1411 0.0892 0.0723 0.1316 0.1786 0.1410 0.1442 0.2152 0.3679 0.1552 0.1066 0.0635 0.1204 0.1011 0.1900 1.0000 0.1061 0.1188 0.2411 0.2350 0.1222 0.1045 0.1035 0.0965 0.2061 0.1157 0.1707 0.1149 0.1370 0.1320 0.1692 0.2235 0.0783 0.1008 0.1375 0.1202 0.1310 0.0884 0.2200 0.0977 0.1142 0.0558 0.1570 0.3929 0.1531 0.1799 0.1061 1.0000 0.0205 0.1401 0.2043 0.1269 0.1437 0.0571 0.2515 0.1036 0.1525 0.0951 0.1239 0.0891 0.3442 0.1411 0.1298 0.1467 0.2063 0.1922 0.2862 0.1470 0.1756 0.1246 0.1431 0.1844 0.2130 0.1445 0.2137 0.2617 0.1830 0.1188 0.0205 1.0000 0.0976 0.1235 0.1959 0.1755 0.2649 0.1342 0.1676 0.3432 0.0000 0.1555 0.0902 0.2034 0.1158 0.0967 0.2311 0.1104 0.1223 0.1720 0.1736 0.2861 0.2101 0.1719 0.1600 0.0793 0.2273 0.0798 0.1943 0.1616 0.2411 0.1401 0.0976 1.0000 0.1970 0.1249 0.1225 0.1649 0.1340 0.1261 0.1778 0.0622 0.1129 0.1362 0.1411 0.1317 0.0732 0.1625 0.1571 0.1957 0.1067 0.1625 0.1997 0.1953 0.2033 0.0627 0.0770 0.1041 0.1256 0.1097 0.2760 0.2350 0.2043 0.1235 0.1970 1.0000 0.1410 0.1805 0.0540 0.2792 0.1018 0.1745 0.1398 0.1131 0.1211 0.1306 0.1962 0.1311 0.0751 0.1116 0.1693 0.1556 0.1207 0.1312 0.1660 0.0845 0.1022 0.2155 0.1567 0.0780 0.2212 0.1149 0.1222 0.1269 0.1959 0.1249 0.1410 1.0000 0.1345 0.2447 0.2271 0.1915 0.1474 0.1628 0.1343 0.1856 0.2314 0.2194 0.1853 0.1195 0.1174 0.1845 0.1093 0.1726 0.1254 0.0586 0.1202 0.1549 0.0919 0.1084 0.2699 0.2840 0.1125 0.1045 0.1437 0.1755 0.1225 0.1805 0.1345 1.0000 0.0546 0.1322 0.3327 0.1660 0.1946 0.1916 0.2089 0.0951 0.1342 0.1216 0.1941 0.1319 0.0971 0.1950 0.1174 0.1495 0.2075 0.1449 0.1175 0.2681 0.1516 0.1727 0.0822 0.0713 0.1035 0.0571 0.2649 0.1649 0.0540 0.2447 0.0546 1.0000 0.1675 0.1773 0.4462 0.2739 0.2030 0.1793 0.0342 0.0886 0.1765 0.3210 0.1868 0.0924 0.0563 0.0582 0.0938 0.2384 0.1307 0.0961 0.1853 0.1659 0.1417 0.1568 0.2179 0.0965 0.2515 0.1342 0.1340 0.2792 0.2271 0.1322 0.1675 1.0000 0.0743 0.1267 0.1407 0.1235 0.0780 0.1468 0.1523 0.1434 0.0654 0.1884 0.1683 0.1594 0.1954 0.0594 0.2467 0.1087 0.2052 0.2262 0.2314 0.1994 0.0804 0.1293 0.2061 0.1036 0.1676 0.1261 0.1018 0.1915 0.3327 0.1773 0.0743 1.0000 0.1536 0.0841 0.2251 0.2203 0.1495 0.1649 0.1416 0.1344 0.0993 0.0773 0.0433 0.1962 0.1219 0.1134 0.1011 0.1259 0.1363 0.1997 0.0966 0.0812 0.2102 0.1157 0.1525 0.3432 0.1778 0.1745 0.1474 0.1660 0.4462 0.1267 0.1536 1.0000 0.2970 0.0962 0.1147 0.0711 0.0844 0.2128 0.2307 0.1497 0.0371 0.1345 0.1076 0.1545 0.1565 0.1571 0.1945 0.1906 0.1369 0.0953 0.1052 0.1289 0.1707 0.0951 0.0000 0.0622 0.1398 0.1628 0.1946 0.2739 0.1407 0.0841 0.2970 1.0000 0.2051 0.0832 0.1303 0.1881 0.2453 0.1434 0.1589 0.0799 0.2034 0.2280 0.1223 0.0590 0.0914 0.0789 0.1230 0.1479 0.1625 0.1082 0.1346 0.1149 0.1239 0.1555 0.1129 0.1131 0.1343 0.1916 0.2030 0.1235 0.2251 0.0962 0.2051 1.0000 0.2938 0.0529 0.1598 0.3398 0.1193 0.2435 0.2341 0.2522 0.1943 0.0808 0.1592 0.0654 0.0935 0.1729 0.1533 0.1437 0.1383 0.1722 0.1370 0.0891 0.0902 0.1362 0.1211 0.1856 0.2089 0.1793 0.0780 0.2203 0.1147 0.0832 0.2938 1.0000 0.1686 0.2739 0.1673 0.1901 0.1734 0.1845 0.1041 0.0785 0.1026 0.1741 0.1256 0.1442 0.1516 0.1317 0.0964 0.2021 0.1535 0.1320 0.3442 0.2034 0.1411 0.1306 0.2314 0.0951 0.0342 0.1468 0.1495 0.0711 0.1303 0.0529 0.1686 1.0000 0.1950 0.1270 0.1696 0.2081 0.1465 0.2218 0.1466 0.0913 0.2004 0.1296 0.1139 0.1315 0.0859 0.0860 0.2865 0.1446 0.1692 0.1411 0.1158 0.1317 0.1962 0.2194 0.1342 0.0886 0.1523 0.1649 0.0844 0.1881 0.1598 0.2739 0.1950 1.0000 0.2741 0.1483 0.1212 0.1550 0.0632 0.0985 0.1501 0.1761 0.1285 0.1375 0.1437 0.0955 0.1013 0.0520 0.1411 0.2235 0.1298 0.0967 0.0732 0.1311 0.1853 0.1216 0.1765 0.1434 0.1416 0.2128 0.2453 0.3398 0.1673 0.1270 0.2741 1.0000 0.2403 0.1983 0.2518 0.1643 0.1661 0.1086 0.1541 0.0641 0.1923 0.2151 0.2425 0.1327 0.1368 0.0892 0.0783 0.1467 0.2311 0.1625 0.0751 0.1195 0.1941 0.3210 0.0654 0.1344 0.2307 0.1434 0.1193 0.1901 0.1696 0.1483 0.2403 1.0000 0.2655 0.1498 0.1012 0.1108 0.1332 0.1705 0.0980 0.1720 0.1062 0.1722 0.1436 0.1121 0.0723 0.1008 0.2063 0.1104 0.1571 0.1116 0.1174 0.1319 0.1868 0.1884 0.0993 0.1497 0.1589 0.2435 0.1734 0.2081 0.1212 0.1983 0.2655 1.0000 0.3643 0.3379 0.1160 0.0988 0.1984 0.1507 0.1562 0.0620 0.1736 0.1839 0.1212 0.1316 0.1375 0.1922 0.1223 0.1957 0.1693 0.1845 0.0971 0.0924 0.1683 0.0773 0.0371 0.0799 0.2341 0.1845 0.1465 0.1550 0.2518 0.1498 0.3643 1.0000 0.2892 0.2285 0.1311 0.1379 0.0556 0.1217 0.0759 0.2063 0.0963 0.1866 0.1786 0.1202 0.2862 0.1720 0.1067 0.1556 0.1093 0.1950 0.0563 0.1594 0.0433 0.1345 0.2034 0.2522 0.1041 0.2218 0.0632 0.1643 0.1012 0.3379 0.2892 1.0000 0.2518 0.1506 0.1143 0.2385 0.1983 0.0994 0.1637 0.1751 0.2299 0.1410 0.1310 0.1470 0.1736 0.1625 0.1207 0.1726 0.1174 0.0582 0.1954 0.1962 0.1076 0.2280 0.1943 0.0785 0.1466 0.0985 0.1661 0.1108 0.1160 0.2285 0.2518 1.0000
# freecontact
1.0000 1.2173 4.6097 0.8345 1.6993 0.0000 0.0000 0.0000 1.4189 0.7783 0.0000 0.0789 0.3795 2.8293 0.0000 0.0000 0.0000 0.0000 0.0000 0.0000 0.0000 0.0000 0.0000 0.0000 0.0000 0.0000 0.6127 0.0000 0.0118 0.1734 0.0000 1.2173 1.0000 0.7379 1.2560 0.0000 0.6096 0.0000 0.0000 0.0000 0.2801 2.4613 0.0000 0.3132 0.5645 0.3693 0.0000 1.1734 0.9433 0.5953 0.0000 0.3933 0.0000 0.0000 0.4744 0.0000 0.0000 0.6172 0.6476 0.0000 0.0000 0.0000 4.6097 0.7379 1.0000 2.7728 0.9248 0.0000 0.0000 0.0000 0.0000 1.6095 0.0000 0.3508 0.5785 0.3178 0.0000 0.4044 0.0000 0.0000 0.0000 0.0000 0.1965 0.0000 0.0000 0.0000 0.0000 0.0000 0.0000 0.0000 0.0000 0.0000 0.5946 0.8345 1.2560 2.7728 1.0000 1.4072 1.2413 0.3605 0.9588 0.0000 0.0000 0.0000 1.0903 0.0000 0.0000 0.0000 0.2430 0.0000 0.0000 0.0000 0.0000 1.9460 0.0000 0.0000 0.0000 0.0000 0.0000 0.0000 0.0000 0.0000 0.0456 0.3477 1.6993 0.0000 0.9248 1.4072 1.0000 0.8834 0.8020 1.1987 0.1156 0.0000 0.0000 0.7322 0.0000 0.0000 0.9805 0.0000 1.6518 0.0800 1.3111 0.0000 0.0000 0.0000 0.6984 0.0000 0.0000 0.0000 1.2534 0.0000 0.0000 0.0000 0.0000 0.0000 0.6096 0.0000 1.2413 0.8834 1.0000 0.0000 1.2285 0.0000 0.0000 0.8015 0.0000 1.3767 0.0000 0.4112 0.4472 0.0000 0.0000 1.0103 0.8160 0.0000 0.5833 0.3141 0.0000 0.0000 0.0000 0.1986 0.0264 0.5736 1.8561 0.3553 0.0000 0.0000 0.0000 0.3605 0.8020 0.0000 1.0000 0.0000 0.7480 0.0000 2.2895 0.5976 0.0000 0.0000 0.0000 1.4288 0.0713 0.0000 1.5558 0.0000 0.6711 0.1301 0.2333 0.0000 0.0000 0.0000 0.0000 0.1254 0.7848 0.0000 0.3297 0.0000 0.0000 0.0000 0.9588 1.1987 1.2285 0.0000 1.0000 0.0000 0.0000 0.7919 2.9793 0.0000 0.0000 2.0098 2.2134 0.0000 1.1760 0.0000 0.0000 0.0000 0.3138 0.0000 0.0000 2.3095 0.0000 0.0000 0.0000 0.0000 0.5217 1.0465 1.4189 0.0000 0.0000 0.0000 0.1156 0.0000 0.7480 0.0000 1.0000 1.2386 0.2093 0.9260 0.8865 1.9543 0.0000 0.0000 0.0000 1.1018 0.0469 1.1351 0.1935 0.1694 0.8619 0.1687 0.0000 0.0000 0.0000 0.0000 0.0000 0.0303 0.0000 0.7783 0.2801 1.6095 0.0000 0.0000 0.0000 0.0000 0.0000 1.2386 1.0000 0.0000 0.0000 1.6088 4.4658 0.0000 0.0000 0.3295 0.0000 0.7765 0.0000 0.0000 0.0000 0.3267 0.0000 0.3007 0.7289 0.2789 0.0000 0.0000 0.0000 0.0000 0.0000 2.4613 0.0000 0.0000 0.0000 0.8015 2.2895 0.7919 0.2093 0.0000 1.0000 0.0000 0.0000 0.1832 0.0000 0.2256 0.0000 1.1909 0.0000 0.0000 0.0000 0.0000 0.0000 2.7738 0.0000 0.0000 0.0000 1.0773 0.8114 1.8042 0.9165 0.0789 0.0000 0.3508 1.0903 0.7322 0.0000 0.5976 2.9793 0.9260 0.0000 0.0000 1.0000 0.0000 0.0000 0.1165 0.0000 1.2022 0.0000 0.4205 2.5933 0.0000 0.0000 0.0000 0.7049 0.0000 0.0000 1.2137 0.0000 0.0000 0.0000 0.2983 0.3795 0.3132 0.5785 0.0000 0.0000 1.3767 0.0000 0.0000 0.8865 1.6088 0.0000 0.0000 1.0000 0.6739 0.0000 0.2982 0.0000 0.2118 0.0000 0.6343 0.0000 0.0000 0.0000 0.0000 0.0000 0.0000 0.0096 0.0000 0.0000 0.0000 0.0110 2.8293 0.5645 0.3178 0.0000 0.0000 0.0000 0.0000 0.0000 1.9543 4.4658 0.1832 0.0000 0.6739 1.0000 0.0000 0.4659 0.0000 2.0435 0.0000 0.1439 0.0949 0.0000 0.0000 0.0000 0.1367 0.0000 0.1443 0.0000 0.1157 0.0000 0.0000 0.0000 0.3693 0.0000 0.0000 0.9805 0.4112 0.0000 2.0098 0.0000 0.0000 0.0000 0.1165 0.0000 0.0000 1.0000 0.0000 1.1381 1.3542 0.7431 0.0038 0.2531 0.4977 0.0301 0.0000 1.3326 1.2659 0.0000 0.0000 0.0000 0.0644 0.8372 0.0000 0.0000 0.4044 0.2430 0.0000 0.4472 1.4288 2.2134 0.0000 0.0000 0.2256 0.0000 0.2982 0.4659 0.0000 1.0000 0.0000 0.0000 2.2558 0.0410 1.3947 0.0000 1.5951 0.0000 0.0000 0.0000 0.0000 0.0000 0.0000 0.5683 0.0000 0.0000 1.1734 0.0000 0.0000 1.6518 0.0000 0.0713 0.0000 0.0000 0.3295 0.0000 1.2022 0.0000 0.0000 1.1381 0.0000 1.0000 0.3223 0.4136 5.7808 0.0000 0.0000 0.5355 0.0000 0.0000 0.0000 2.6303 1.2480 0.0000 0.0000 0.0000 0.0000 0.9433 0.0000 0.0000 0.0800 0.0000 0.0000 1.1760 1.1018 0.0000 1.1909 0.0000 0.2118 2.0435 1.3542 0.0000 0.3223 1.0000 0.0000 0.0000 0.0000 0.5007 0.0000 0.6197 0.5668 0.1610 0.0000 0.0092 0.0000 0.0000 0.2341 0.0000 0.5953 0.0000 0.0000 1.3111 1.0103 1.5558 0.0000 0.0469 0.7765 0.0000 0.4205 0.0000 0.0000 0.7431 2.2558 0.4136 0.0000 1.0000 0.5130 0.0000 0.9956 0.5531 0.0000 0.0000 0.3878 0.0000 0.0000 0.0000 0.0000 0.2520 0.0000 0.0000 0.0000 0.0000 0.0000 0.8160 0.0000 0.0000 1.1351 0.0000 0.0000 2.5933 0.6343 0.1439 0.0038 0.0410 5.7808 0.0000 0.5130 1.0000 0.6519 0.0000 0.0000 0.0000 0.0000 0.2453 0.0000 0.0000 0.0000 0.0000 0.0512 0.0000 0.3933 0.1965 1.9460 0.0000 0.0000 0.6711 0.0000 0.1935 0.0000 0.0000 0.0000 0.0000 0.0949 0.2531 1.3947 0.0000 0.0000 0.0000 0.6519 1.0000 0.9703 0.0000 0.0000 0.0015 0.0000 0.0000 0.5640 0.0000 1.3827 0.7080 0.0000 0.0000 0.0000 0.0000 0.0000 0.5833 0.1301 0.3138 0.1694 0.0000 0.0000 0.0000 0.0000 0.0000 0.4977 0.0000 0.0000 0.5007 0.9956 0.0000 0.9703 1.0000 2.3928 0.0000 0.0000 3.0276 0.0000 0.0700 0.0000 0.2203 0.0000 0.0000 0.0000 0.0000 0.0000 0.6984 0.3141 0.2333 0.0000 0.8619 0.3267 0.0000 0.0000 0.0000 0.0000 0.0301 1.5951 0.5355 0.0000 0.5531 0.0000 0.0000 2.3928 1.0000 0.9752 2.4829 0.5745 0.0581 0.1521 0.0000 0.0000 0.0000 0.0000 0.4744 0.0000 0.0000 0.0000 0.0000 0.0000 0.0000 0.1687 0.0000 2.7738 0.7049 0.0000 0.0000 0.0000 0.0000 0.0000 0.6197 0.0000 0.0000 0.0000 0.0000 0.9752 1.0000 2.7932 1.4664 0.0129 1.2644 0.4775 0.9334 0.1598 0.0000 0.0000 0.0000 0.0000 0.0000 0.0000 0.0000 2.3095 0.0000 0.3007 0.0000 0.0000 0.0000 0.1367 1.3326 0.0000 0.0000 0.5668 0.0000 0.0000 0.0015 0.0000 2.4829 2.7932 1.0000 2.5168 0.1124 0.0000 0.0000 0.0000 0.0000 0.0000 0.0000 0.0000 0.0000 0.0000 0.0000 0.0000 0.0000 0.0000 0.7289 0.0000 0.0000 0.0000 0.0000 1.2659 0.0000 0.0000 0.1610 0.3878 0.2453 0.0000 3.0276 0.5745 1.4664 2.5168 1.0000 0.8741 0.9771 1.1059 0.0000 0.0000 0.6127 0.6172 0.0000 0.0000 1.2534 0.1986 0.0000 0.0000 0.0000 0.2789 0.0000 1.2137 0.0096 0.1443 0.0000 0.0000 2.6303 0.0000 0.0000 0.0000 0.0000 0.0000 0.0581 0.0129 0.1124 0.8741 1.0000 2.5306 1.0320 0.0000 0.0000 0.0000 0.6476 0.0000 0.0000 0.0000 0.0264 0.1254 0.0000 0.0000 0.0000 1.0773 0.0000 0.0000 0.0000 0.0000 0.0000 1.2480 0.0092 0.0000 0.0000 0.5640 0.0700 0.1521 1.2644 0.0000 0.9771 2.5306 1.0000 3.5628 1.9116 0.0000 0.0118 0.0000 0.0000 0.0000 0.0000 0.5736 0.7848 0.0000 0.0000 0.0000 0.8114 0.0000 0.0000 0.1157 0.0000 0.0000 0.0000 0.0000 0.0000 0.0000 0.0000 0.0000 0.0000 0.4775 0.0000 1.1059 1.0320 3.5628 1.0000 2.6571 3.8319 0.1734 0.0000 0.0000 0.0456 0.0000 1.8561 0.0000 0.5217 0.0303 0.0000 1.8042 0.0000 0.0000 0.0000 0.0644 0.5683 0.0000 0.0000 0.0000 0.0000 1.3827 0.2203 0.0000 0.9334 0.0000 0.0000 0.0000 1.9116 2.6571 1.0000 2.7873 0.0000 0.0000 0.5946 0.3477 0.0000 0.3553 0.3297 1.0465 0.0000 0.0000 0.9165 0.2983 0.0110 0.0000 0.8372 0.0000 0.0000 0.2341 0.2520 0.0512 0.7080 0.0000 0.0000 0.1598 0.0000 0.0000 0.0000 0.0000 3.8319 2.7873 1.0000
# psicov
0.0000 0.0000 0.0000 0.0000 0.0000 0.0000 0.0000 0.0000 0.0000 0.0000 0.0000 0.0000 0.0000 0.0000 0.0000 0.0000 0.0000 0.0000 0.0000 0.0000 0.0000 0.0000 0.0000 0.0000 0.0000 0.0000 0.0000 0.0000 0.0000 0.0000 0.0000 0.0000 0.0000 0.0000 0.0000 0.0000 0.0000 0.0000 0.0000 0.0000 0.0000 0.0000 0.0000 0.0000 0.0000 0.0000 0.0000 0.0000 0.0000 0.0000 0.0000 0.0000 0.0000 0.0000 0.0000 0.0000 0.0000 0.0000 0.0000 0.0000 0.0000 0.0000 0.0000 0.0000 0.0000 0.0000 0.0000 0.0000 0.0000 0.0000 0.0000 0.0000 0.0000 0.0000 0.0000 0.0000 0.0000 0.0000 0.0000 0.0000 0.0000 0.0000 0.0000 0.0000 0.0000 0.0000 0.0000 0.0000 0.0000 0.0000 0.0000 0.0000 0.0000 0.0000 0.0000 0.0000 0.0000 0.0000 0.0000 0.0000 0.0000 0.0000 0.0000 0.0000 0.0000 0.0000 0.0000 0.0000 0.0000 0.0000 0.0000 0.0000 0.0000 0.0000 0.0000 0.0000 0.0000 0.0000 0.0000 0.0000 0.0000 0.0000 0.0000 0.0000 0.0000 0.0000 0.0000 0.0000 0.0000 0.0000 0.0000 0.0000 0.0000 0.0000 0.0000 0.0000 0.0000 0.0000 0.0000 0.0000 0.0000 0.0000 0.0000 0.0000 0.0000 0.0000 0.0000 0.0000 0.0000 0.0000 0.0000 0.0000 0.0000 0.0000 0.0000 0.0000 0.0000 0.0000 0.0000 0.0000 0.0000 0.0000 0.0000 0.0000 0.0000 0.0000 0.0000 0.0000 0.0000 0.0000 0.0000 0.0000 0.0000 0.0000 0.0000 0.0000 0.0000 0.0000 0.0000 0.0000 0.0000 0.0000 0.0000 0.0000 0.0000 0.0000 0.0000 0.0000 0.0000 0.0000 0.0000 0.0000 0.0000 0.0000 0.0000 0.0000 0.0000 0.0000 0.0000 0.0000 0.0000 0.0000 0.0000 0.0000 0.0000 0.0000 0.0000 0.0000 0.0000 0.0000 0.0000 0.0000 0.0000 0.0000 0.0000 0.0000 0.0000 0.0000 0.0000 0.0000 0.0000 0.0000 0.0000 0.0000 0.0000 0.0000 0.0000 0.0000 0.0000 0.0000 0.0000 0.0000 0.0000 0.0000 0.0000 0.0000 0.0000 0.0000 0.0000 0.0000 0.0000 0.0000 0.0000 0.0000 0.0000 0.0000 0.0000 0.0000 0.0000 0.0000 0.0000 0.0000 0.0000 0.0000 0.0000 0.0000 0.0000 0.0000 0.0000 0.0000 0.0000 0.0000 0.0000 0.0000 0.0000 0.0000 0.0000 0.0000 0.0000 0.0000 0.0000 0.0000 0.0000 0.0000 0.0000 0.0000 0.0000 0.0000 0.0000 0.0000 0.0000 0.0000 0.0000 0.0000 0.0000 0.0000 0.0000 0.0000 0.0000 0.0000 0.0000 0.0000 0.0000 0.0000 0.0000 0.0000 0.0000 0.0000 0.0000 0.0000 0.0000 0.0000 0.0000 0.0000 0.0000 0.0000 0.0000 0.0000 0.0000 0.0000 0.0000 0.0000 0.0000 0.0000 0.0000 0.0000 0.0000 0.0000 0.0000 0.0000 0.0000 0.0000 0.0000 0.0000 0.0000 0.0000 0.0000 0.0000 0.0000 0.0000 0.0000 0.0000 0.0000 0.0000 0.0000 0.0000 0.0000 0.0000 0.0000 0.0000 0.0000 0.0000 0.0000 0.0000 0.0000 0.0000 0.0000 0.0000 0.0000 0.0000 0.0000 0.0000 0.0000 0.0000 0.0000 0.0000 0.0000 0.0000 0.0000 0.0000 0.0000 0.0000 0.0000 0.0000 0.0000 0.0000 0.0000 0.0000 0.0000 0.0000 0.0000 0.0000 0.0000 0.0000 0.0000 0.0000 0.0000 0.0000 0.0000 0.0000 0.0000 0.0000 0.0000 0.0000 0.0000 0.0000 0.0000 0.0000 0.0000 0.0000 0.0000 0.0000 0.0000 0.0000 0.0000 0.0000 0.0000 0.0000 0.0000 0.0000 0.0000 0.0000 0.0000 0.0000 0.0000 0.0000 0.0000 0.0000 0.0000 0.0000 0.0000 0.0000 0.0000 0.0000 0.0000 0.0000 0.0000 0.0000 0.0000 0.0000 0.0000 0.0000 0.0000 0.0000 0.0000 0.0000 0.0000 0.0000 0.0000 0.0000 0.0000 0.0000 0.0000 0.0000 0.0000 0.0000 0.0000 0.0000 0.0000 0.0000 0.0000 0.0000 0.0000 0.0000 0.0000 0.0000 0.0000 0.0000 0.0000 0.0000 0.0000 0.0000 0.0000 0.0000 0.0000 0.0000 0.0000 0.0000 0.0000 0.0000 0.0000 0.0000 0.0000 0.0000 0.0000 0.0000 0.0000 0.0000 0.0000 0.0000 0.0000 0.0000 0.0000 0.0000 0.0000 0.0000 0.0000 0.0000 0.0000 0.0000 0.0000 0.0000 0.0000 0.0000 0.0000 0.0000 0.0000 0.0000 0.0000 0.0000 0.0000 0.0000 0.0000 0.0000 0.0000 0.0000 0.0000 0.0000 0.0000 0.0000 0.0000 0.0000 0.0000 0.0000 0.0000 0.0000 0.0000 0.0000 0.0000 0.0000 0.0000 0.0000 0.0000 0.0000 0.0000 0.0000 0.0000 0.0000 0.0000 0.0000 0.0000 0.0000 0.0000 0.0000 0.0000 0.0000 0.0000 0.0000 0.0000 0.0000 0.0000 0.0000 0.0000 0.0000 0.0000 0.0000 0.0000 0.0000 0.0000 0.0000 0.0000 0.0000 0.0000 0.0000 0.0000 0.0000 0.0000 0.0000 0.0000 0.0000 0.0000 0.0000 0.0000 0.0000 0.0000 0.0000 0.0000 0.0000 0.0000 0.0000 0.0000 0.0000 0.0000 0.0000 0.0000 0.0000 0.0000 0.0000 0.0000 0.0000 0.0000 0.0000 0.0000 0.0000 0.0000 0.0000 0.0000 0.0000 0.0000 0.0000 0.0000 0.0000 0.0000 0.0000 0.0000 0.0000 0.0000 0.0000 0.0000 0.0000 0.0000 0.0000 0.0000 0.0000 0.0000 0.0000 0.0000 0.0000 0.0000 0.0000 0.0000 0.0000 0.0000 0.0000 0.0000 0.0000 0.0000 0.0000 0.0000 0.0000 0.0000 0.0000 0.0000 0.0000 0.0000 0.0000 0.0000 0.0000 0.0000 0.0000 0.0000 0.0000 0.0000 0.0000 0.0000 0.0000 0.0000 0.0000 0.0000 0.0000 0.0000 0.0000 0.0000 0.0000 0.0000 0.0000 0.0000 0.0000 0.0000 0.0000 0.0000 0.0000 0.0000 0.0000 0.0000 0.0000 0.0000 0.0000 0.0000 0.0000 0.0000 0.0000 0.0000 0.0000 0.0000 0.0000 0.0000 0.0000 0.0000 0.0000 0.0000 0.0000 0.0000 0.0000 0.0000 0.0000 0.0000 0.0000 0.0000 0.0000 0.0000 0.0000 0.0000 0.0000 0.0000 0.0000 0.0000 0.0000 0.0000 0.0000 0.0000 0.0000 0.0000 0.0000 0.0000 0.0000 0.0000 0.0000 0.0000 0.0000 0.0000 0.0000 0.0000 0.0000 0.0000 0.0000 0.0000 0.0000 0.0000 0.0000 0.0000 0.0000 0.0000 0.0000 0.0000 0.0000 0.0000 0.0000 0.0000 0.0000 0.0000 0.0000 0.0000 0.0000 0.0000 0.0000 0.0000 0.0000 0.0000 0.0000 0.0000 0.0000 0.0000 0.0000 0.0000 0.0000 0.0000 0.0000 0.0000 0.0000 0.0000 0.0000 0.0000 0.0000 0.0000 0.0000 0.0000 0.0000 0.0000 0.0000 0.0000 0.0000 0.0000 0.0000 0.0000 0.0000 0.0000 0.0000 0.0000 0.0000 0.0000 0.0000 0.0000 0.0000 0.0000 0.0000 0.0000 0.0000 0.0000 0.0000 0.0000 0.0000 0.0000 0.0000 0.0000 0.0000 0.0000 0.0000 0.0000 0.0000 0.0000 0.0000 0.0000 0.0000 0.0000 0.0000 0.0000 0.0000 0.0000 0.0000 0.0000 0.0000 0.0000 0.0000 0.0000 0.0000 0.0000 0.0000 0.0000 0.0000 0.0000 0.0000 0.0000 0.0000 0.0000 0.0000 0.0000 0.0000 0.0000 0.0000 0.0000 0.0000 0.0000 0.0000 0.0000 0.0000 0.0000 0.0000 0.0000 0.0000 0.0000 0.0000 0.0000 0.0000 0.0000 0.0000 0.0000 0.0000 0.0000 0.0000 0.0000 0.0000 0.0000 0.0000 0.0000 0.0000 0.0000 0.0000 0.0000 0.0000 0.0000 0.0000 0.0000 0.0000 0.0000 0.0000 0.0000 0.0000 0.0000 0.0000 0.0000 0.0000 0.0000 0.0000 0.0000 0.0000 0.0000 0.0000 0.0000 0.0000 0.0000 0.0000 0.0000 0.0000 0.0000 0.0000 0.0000 0.0000 0.0000 0.0000 0.0000 0.0000 0.0000 0.0000 0.0000 0.0000 0.0000 0.0000 0.0000 0.0000 0.0000 0.0000 0.0000 0.0000 0.0000 0.0000 0.0000 0.0000 0.0000 0.0000 0.0000 0.0000 0.0000 0.0000 0.0000 0.0000 0.0000 0.0000 0.0000 0.0000 0.0000 0.0000 0.0000 0.0000 0.0000 0.0000 0.0000 0.0000 0.0000 0.0000 0.0000 0.0000 0.0000 0.0000 0.0000 0.0000 0.0000 0.0000 0.0000 0.0000 0.0000 0.0000 0.0000 0.0000 0.0000 0.0000 0.0000 0.0000 0.0000 0.0000 0.0000 0.0000 0.0000 0.0000 0.0000 0.0000 0.0000 0.0000 0.0000 0.0000 0.0000 0.0000 0.0000 0.0000 0.0000 0.0000 0.0000 0.0000 0.0000 0.0000 0.0000 0.0000 0.0000 0.0000 0.0000 0.0000 0.0000 0.0000 0.0000 0.0000 0.0000 0.0000 0.0000 0.0000 0.0000 0.0000 0.0000 0.0000 0.0000 0.0000 0.0000
# pstat_pots
0.5000 0.5622 0.5458 0.5080 0.5790 0.5066 0.5878 0.3838 0.5910 0.3548 0.5287 0.3989 0.4873 0.5818 0.5400 0.5782 0.4112 0.3674 0.5761 0.4366 0.5817 0.5654 0.5774 0.5834 0.5720 0.5414 0.5671 0.4989 0.5484 0.5153 0.5163 0.5622 0.5000 0.4044 0.4795 0.3865 0.4925 0.3942 0.4956 0.5256 0.5048 0.5553 0.5175 0.4348 0.5558 0.4061 0.3808 0.4741 0.5080 0.3937 0.5365 0.5799 0.5021 0.3785 0.5690 0.3907 0.4451 0.5541 0.4982 0.4754 0.5139 0.4965 0.5458 0.4044 0.5000 0.4643 0.3412 0.4849 0.3628 0.4888 0.5226 0.4982 0.5410 0.5106 0.3820 0.5499 0.3431 0.3378 0.4521 0.4989 0.3568 0.5173 0.5646 0.4830 0.3371 0.5505 0.3566 0.4189 0.5431 0.4494 0.4541 0.4780 0.4834 0.5080 0.4795 0.4643 0.5000 0.4597 0.4962 0.4732 0.4901 0.5050 0.4965 0.5070 0.5015 0.4626 0.5056 0.4612 0.4585 0.4860 0.4981 0.4744 0.5004 0.5087 0.5078 0.4614 0.5090 0.4691 0.4763 0.5049 0.4892 0.4919 0.4869 0.4973 0.5790 0.3865 0.3412 0.4597 0.5000 0.5037 0.3228 0.5193 0.5333 0.5215 0.5595 0.5495 0.3810 0.5636 0.3558 0.3166 0.4677 0.5348 0.3333 0.5419 0.5999 0.4971 0.3204 0.5744 0.3371 0.4243 0.5759 0.4573 0.4432 0.5028 0.4932 0.5066 0.4925 0.4849 0.4962 0.5037 0.5000 0.5188 0.5120 0.5337 0.4800 0.5066 0.4929 0.4594 0.5101 0.4963 0.5014 0.4863 0.4809 0.5134 0.5030 0.5055 0.5327 0.5055 0.5066 0.5140 0.5155 0.5040 0.5149 0.5102 0.5087 0.5063 0.5878 0.3942 0.3628 0.4732 0.3228 0.5188 0.5000 0.5369 0.5275 0.5382 0.5789 0.5618 0.4070 0.5813 0.3719 0.3197 0.4700 0.5440 0.3414 0.5585 0.6127 0.4957 0.3202 0.5920 0.3375 0.4320 0.5774 0.4646 0.4455 0.5013 0.4999 0.3838 0.4956 0.4888 0.4901 0.5193 0.5120 0.5369 0.5000 0.5318 0.5338 0.4389 0.5223 0.4394 0.3804 0.5178 0.5180 0.5582 0.5467 0.5305 0.5376 0.3725 0.5404 0.5187 0.3805 0.5204 0.5246 0.4183 0.5348 0.5045 0.5051 0.5092 0.5910 0.5256 0.5226 0.5050 0.5333 0.5337 0.5275 0.5318 0.5000 0.5322 0.5716 0.5288 0.4942 0.5988 0.5230 0.5354 0.5204 0.5403 0.5451 0.5293 0.5774 0.4974 0.5343 0.5842 0.5293 0.5173 0.5553 0.5116 0.5260 0.5033 0.5103 0.3548 0.5048 0.4982 0.4965 0.5215 0.4800 0.5382 0.5338 0.5322 0.5000 0.4238 0.5346 0.4269 0.3536 0.5243 0.5211 0.5792 0.5674 0.5348 0.5431 0.3481 0.5431 0.5192 0.3476 0.5235 0.5313 0.3900 0.5478 0.4867 0.5165 0.5111 0.5287 0.5553 0.5410 0.5070 0.5595 0.5066 0.5789 0.4389 0.5716 0.4238 0.5000 0.4641 0.4641 0.5345 0.5634 0.5682 0.4819 0.4011 0.5789 0.4332 0.5093 0.5495 0.5696 0.5150 0.5749 0.5482 0.5012 0.5339 0.5342 0.5251 0.5312 0.3989 0.5175 0.5106 0.5015 0.5495 0.4929 0.5618 0.5223 0.5288 0.5346 0.4641 0.5000 0.4675 0.4178 0.5301 0.5480 0.5753 0.5094 0.5557 0.5165 0.4077 0.5451 0.5451 0.4165 0.5459 0.5375 0.4101 0.5481 0.5037 0.5292 0.5141 0.4873 0.4348 0.3820 0.4626 0.3810 0.4594 0.4070 0.4394 0.4942 0.4269 0.4641 0.4675 0.5000 0.4743 0.3861 0.3722 0.4129 0.4350 0.3998 0.4682 0.4950 0.4841 0.3766 0.4808 0.3985 0.4307 0.4904 0.4317 0.4494 0.4472 0.4752 0.5818 0.5558 0.5499 0.5056 0.5636 0.5101 0.5813 0.3804 0.5988 0.3536 0.5345 0.4178 0.4743 0.5000 0.5525 0.5711 0.4373 0.3673 0.5758 0.4297 0.5798 0.5655 0.5681 0.5715 0.5692 0.5393 0.5627 0.5143 0.5460 0.5182 0.5214 0.5400 0.4061 0.3431 0.4612 0.3558 0.4963 0.3719 0.5178 0.5230 0.5243 0.5634 0.5301 0.3861 0.5525 0.5000 0.3437 0.4829 0.5355 0.3595 0.5468 0.5719 0.5073 0.3518 0.5696 0.3612 0.4275 0.5653 0.4662 0.4547 0.5032 0.4855 0.5782 0.3808 0.3378 0.4585 0.3166 0.5014 0.3197 0.5180 0.5354 0.5211 0.5682 0.5480 0.3722 0.5711 0.3437 0.5000 0.4610 0.5340 0.3245 0.5445 0.6062 0.4956 0.3170 0.5841 0.3325 0.4201 0.5695 0.4554 0.4358 0.4979 0.4943 0.4112 0.4741 0.4521 0.4860 0.4677 0.4863 0.4700 0.5582 0.5204 0.5792 0.4819 0.5753 0.4129 0.4373 0.4829 0.4610 0.5000 0.5419 0.4759 0.5063 0.4365 0.5345 0.4602 0.4247 0.4691 0.4930 0.4124 0.5051 0.4403 0.5004 0.5109 0.3674 0.5080 0.4989 0.4981 0.5348 0.4809 0.5440 0.5467 0.5403 0.5674 0.4011 0.5094 0.4350 0.3673 0.5355 0.5340 0.5419 0.5000 0.5434 0.5270 0.3730 0.5412 0.5338 0.3683 0.5318 0.5266 0.4265 0.5516 0.4975 0.5272 0.5087 0.5761 0.3937 0.3568 0.4744 0.3333 0.5134 0.3414 0.5305 0.5451 0.5348 0.5789 0.5557 0.3998 0.5758 0.3595 0.3245 0.4759 0.5434 0.5000 0.5695 0.6042 0.5055 0.3249 0.5886 0.3393 0.4282 0.5803 0.4642 0.4460 0.5141 0.4988 0.4366 0.5365 0.5173 0.5004 0.5419 0.5030 0.5585 0.5376 0.5293 0.5431 0.4332 0.5165 0.4682 0.4297 0.5468 0.5445 0.5063 0.5270 0.5695 0.5000 0.4259 0.5372 0.5420 0.4301 0.5488 0.5386 0.4733 0.5266 0.5290 0.5093 0.5121 0.5817 0.5799 0.5646 0.5087 0.5999 0.5055 0.6127 0.3725 0.5774 0.3481 0.5093 0.4077 0.4950 0.5798 0.5719 0.6062 0.4365 0.3730 0.6042 0.4259 0.5000 0.5581 0.6058 0.5848 0.6029 0.5490 0.5708 0.4964 0.5750 0.5184 0.5240 0.5654 0.5021 0.4830 0.5078 0.4971 0.5327 0.4957 0.5404 0.4974 0.5431 0.5495 0.5451 0.4841 0.5655 0.5073 0.4956 0.5345 0.5412 0.5055 0.5372 0.5581 0.5000 0.4988 0.5622 0.4973 0.5253 0.5506 0.5190 0.5312 0.5212 0.5062 0.5774 0.3785 0.3371 0.4614 0.3204 0.5055 0.3202 0.5187 0.5343 0.5192 0.5696 0.5451 0.3766 0.5681 0.3518 0.3170 0.4602 0.5338 0.3249 0.5420 0.6058 0.4988 0.5000 0.5853 0.3303 0.4190 0.5764 0.4547 0.4377 0.4993 0.4936 0.5834 0.5690 0.5505 0.5090 0.5744 0.5066 0.5920 0.3805 0.5842 0.3476 0.5150 0.4165 0.4808 0.5715 0.5696 0.5841 0.4247 0.3683 0.5886 0.4301 0.5848 0.5622 0.5853 0.5000 0.5935 0.5490 0.5684 0.4871 0.5556 0.5150 0.5197 0.5720 0.3907 0.3566 0.4691 0.3371 0.5140 0.3375 0.5204 0.5293 0.5235 0.5749 0.5459 0.3985 0.5692 0.3612 0.3325 0.4691 0.5318 0.3393 0.5488 0.6029 0.4973 0.3303 0.5935 0.5000 0.4224 0.5819 0.4571 0.4402 0.5067 0.4965 0.5414 0.4451 0.4189 0.4763 0.4243 0.5155 0.4320 0.5246 0.5173 0.5313 0.5482 0.5375 0.4307 0.5393 0.4275 0.4201 0.4930 0.5266 0.4282 0.5386 0.5490 0.5253 0.4190 0.5490 0.4224 0.5000 0.5405 0.4955 0.4900 0.5053 0.5106 0.5671 0.5541 0.5431 0.5049 0.5759 0.5040 0.5774 0.4183 0.5553 0.3900 0.5012 0.4101 0.4904 0.5627 0.5653 0.5695 0.4124 0.4265 0.5803 0.4733 0.5708 0.5506 0.5764 0.5684 0.5819 0.5405 0.5000 0.4831 0.5634 0.4999 0.5219 0.4989 0.4982 0.4494 0.4892 0.4573 0.5149 0.4646 0.5348 0.5116 0.5478 0.5339 0.5481 0.4317 0.5143 0.4662 0.4554 0.5051 0.5516 0.4642 0.5266 0.4964 0.5190 0.4547 0.4871 0.4571 0.4955 0.4831 0.5000 0.4350 0.5010 0.5130 0.5484 0.4754 0.4541 0.4919 0.4432 0.5102 0.4455 0.5045 0.5260 0.4867 0.5342 0.5037 0.4494 0.5460 0.4547 0.4358 0.4403 0.4975 0.4460 0.5290 0.5750 0.5312 0.4377 0.5556 0.4402 0.4900 0.5634 0.4350 0.5000 0.4833 0.4960 0.5153 0.5139 0.4780 0.4869 0.5028 0.5087 0.5013 0.5051 0.5033 0.5165 0.5251 0.5292 0.4472 0.5182 0.5032 0.4979 0.5004 0.5272 0.5141 0.5093 0.5184 0.5212 0.4993 0.5150 0.5067 0.5053 0.4999 0.5010 0.4833 0.5000 0.5149 0.5163 0.4965 0.4834 0.4973 0.4932 0.5063 0.4999 0.5092 0.5103 0.5111 0.5312 0.5141 0.4752 0.5214 0.4855 0.4943 0.5109 0.5087 0.4988 0.5121 0.5240 0.5062 0.4936 0.5197 0.4965 0.5106 0.5219 0.5130 0.4960 0.5149 0.5000
# pstat_mimt
0.5000 0.5018 0.4886 0.4865 0.4880 0.4929 0.4892 0.4898 0.4920 0.4928 0.5157 0.5014 0.4899 0.5438 0.4865 0.4886 0.4884 0.4951 0.4883 0.4899 0.5270 0.4886 0.4904 0.5204 0.4892 0.4870 0.5100 0.4858 0.4933 0.4879 0.4898 0.5018 0.5000 0.4869 0.4856 0.4941 0.4896 0.5168 0.4911 0.4909 0.4915 0.4888 0.4894 0.4893 0.4958 0.4873 0.5077 0.4932 0.4880 0.5136 0.4892 0.4993 0.5006 0.4903 0.4907 0.5168 0.4911 0.5025 0.4871 0.4845 0.4883 0.4902 0.4886 0.4869 0.5000 0.4978 0.4911 0.4886 0.4963 0.4908 0.4934 0.4933 0.4905 0.4912 0.4927 0.4921 0.4892 0.4983 0.4939 0.4917 0.4944 0.4908 0.4924 0.4914 0.4964 0.4924 0.4902 0.4902 0.4916 0.4890 0.4899 0.4893 0.4913 0.4865 0.4856 0.4978 0.5000 0.4878 0.5043 0.4872 0.4914 0.4917 0.4924 0.4895 0.4935 0.4862 0.4907 0.4989 0.4954 0.4908 0.4897 0.4897 0.4894 0.4911 0.4902 0.4942 0.4910 0.4956 0.4895 0.4917 0.4939 0.4920 0.4948 0.4903 0.4880 0.4941 0.4911 0.4878 0.5000 0.4864 0.4955 0.4899 0.4930 0.4925 0.4890 0.4898 0.4890 0.4943 0.4964 0.5121 0.4875 0.4889 0.5160 0.4910 0.4922 0.4892 0.5312 0.4918 0.5219 0.4886 0.4909 0.4895 0.4937 0.4877 0.4901 0.4929 0.4896 0.4886 0.5043 0.4864 0.5000 0.4853 0.4861 0.4889 0.4925 0.5011 0.5036 0.4831 0.4965 0.4849 0.4860 0.4861 0.5030 0.4860 0.4926 0.4896 0.4860 0.4859 0.4944 0.4910 0.5003 0.4888 0.4856 0.4932 0.5016 0.4918 0.4892 0.5168 0.4963 0.4872 0.4955 0.4853 0.5000 0.4918 0.4940 0.4937 0.4939 0.4920 0.4913 0.4926 0.4880 0.4941 0.4906 0.4913 0.4922 0.4914 0.4932 0.4923 0.4926 0.4932 0.4984 0.4890 0.4925 0.4884 0.5157 0.4912 0.4916 0.4898 0.4911 0.4908 0.4914 0.4899 0.4861 0.4918 0.5000 0.4909 0.5344 0.4871 0.4996 0.4879 0.4909 0.4906 0.4892 0.4959 0.4935 0.4871 0.4960 0.4892 0.4872 0.4900 0.4897 0.4883 0.4868 0.4876 0.4886 0.4831 0.4938 0.4883 0.4920 0.4909 0.4934 0.4917 0.4930 0.4889 0.4940 0.4909 0.5000 0.4936 0.4901 0.4908 0.4913 0.4929 0.4876 0.4902 0.4894 0.4918 0.4896 0.4905 0.4931 0.4997 0.4924 0.4933 0.4906 0.4871 0.4920 0.4839 0.4863 0.4901 0.4888 0.4928 0.4915 0.4933 0.4924 0.4925 0.4925 0.4937 0.5344 0.4936 0.5000 0.4873 0.5149 0.4909 0.4908 0.4854 0.4897 0.4888 0.4898 0.4897 0.4870 0.4907 0.4899 0.4914 0.4911 0.4903 0.4868 0.4893 0.4880 0.4896 0.4875 0.4887 0.5157 0.4888 0.4905 0.4895 0.4890 0.5011 0.4939 0.4871 0.4901 0.4873 0.5000 0.4981 0.4866 0.5320 0.4849 0.4876 0.4912 0.4808 0.4868 0.4923 0.5029 0.4891 0.4887 0.5517 0.4870 0.4856 0.4910 0.5184 0.4900 0.4967 0.4975 0.5014 0.4894 0.4912 0.4935 0.4898 0.5036 0.4920 0.4996 0.4908 0.5149 0.4981 0.5000 0.4868 0.4872 0.4850 0.4873 0.4993 0.4887 0.4874 0.4919 0.4911 0.4881 0.4886 0.4883 0.4878 0.4836 0.4939 0.4892 0.4839 0.4933 0.4984 0.4899 0.4893 0.4927 0.4862 0.4890 0.4831 0.4913 0.4879 0.4913 0.4909 0.4866 0.4868 0.5000 0.4925 0.4914 0.4978 0.4916 0.4924 0.4914 0.5043 0.4929 0.4917 0.4928 0.4928 0.4918 0.4903 0.4920 0.4904 0.4901 0.4914 0.4922 0.5438 0.4958 0.4921 0.4907 0.4943 0.4965 0.4926 0.4909 0.4929 0.4908 0.5320 0.4872 0.4925 0.5000 0.4860 0.4873 0.4867 0.4942 0.4955 0.4893 0.5346 0.4887 0.4898 0.5320 0.4904 0.5025 0.5085 0.4846 0.4870 0.4875 0.4896 0.4865 0.4873 0.4892 0.4989 0.4964 0.4849 0.4880 0.4906 0.4876 0.4854 0.4849 0.4850 0.4914 0.4860 0.5000 0.4948 0.4875 0.5044 0.4963 0.4888 0.4913 0.4902 0.4955 0.4913 0.4994 0.4898 0.4905 0.4889 0.4892 0.4877 0.4897 0.4886 0.5077 0.4983 0.4954 0.5121 0.4860 0.4941 0.4892 0.4902 0.4897 0.4876 0.4873 0.4978 0.4873 0.4948 0.5000 0.4995 0.4900 0.4857 0.4961 0.4927 0.4907 0.5419 0.4923 0.5176 0.4960 0.4915 0.4960 0.4929 0.4888 0.4907 0.4884 0.4932 0.4939 0.4908 0.4875 0.4861 0.4906 0.4959 0.4894 0.4888 0.4912 0.4993 0.4916 0.4867 0.4875 0.4995 0.5000 0.5080 0.4881 0.4838 0.4901 0.4878 0.4982 0.4899 0.4908 0.4965 0.4899 0.5079 0.4898 0.5040 0.4992 0.4951 0.4880 0.4917 0.4897 0.4889 0.5030 0.4913 0.4935 0.4918 0.4898 0.4808 0.4887 0.4924 0.4942 0.5044 0.4900 0.5080 0.5000 0.4887 0.5095 0.5012 0.4890 0.4899 0.4898 0.4893 0.4893 0.4937 0.4871 0.4880 0.4922 0.4884 0.4883 0.5136 0.4944 0.4897 0.5160 0.4860 0.4922 0.4871 0.4896 0.4897 0.4868 0.4874 0.4914 0.4955 0.4963 0.4857 0.4881 0.4887 0.5000 0.4893 0.4924 0.5041 0.4968 0.4924 0.5187 0.4852 0.4910 0.4844 0.4901 0.4881 0.4901 0.4899 0.4892 0.4908 0.4894 0.4910 0.4926 0.4914 0.4960 0.4905 0.4870 0.4923 0.4919 0.5043 0.4893 0.4888 0.4961 0.4838 0.5095 0.4893 0.5000 0.4962 0.4913 0.4868 0.4895 0.4877 0.4849 0.4884 0.4906 0.4857 0.4859 0.4890 0.5270 0.4993 0.4924 0.4911 0.4922 0.4896 0.4932 0.4892 0.4931 0.4907 0.5029 0.4911 0.4929 0.5346 0.4913 0.4927 0.4901 0.5012 0.4924 0.4962 0.5000 0.4884 0.4893 0.5051 0.4884 0.4860 0.5125 0.4851 0.4853 0.4932 0.4898 0.4886 0.5006 0.4914 0.4902 0.4892 0.4860 0.4923 0.4872 0.4997 0.4899 0.4891 0.4881 0.4917 0.4887 0.4902 0.4907 0.4878 0.4890 0.5041 0.4913 0.4884 0.5000 0.4936 0.4905 0.4941 0.5204 0.4992 0.4994 0.4895 0.4961 0.5138 0.4904 0.4903 0.4964 0.4942 0.5312 0.4859 0.4926 0.4900 0.4924 0.4914 0.4887 0.4886 0.4928 0.4898 0.4955 0.5419 0.4982 0.4899 0.4968 0.4868 0.4893 0.4936 0.5000 0.5062 0.5450 0.4953 0.4920 0.4928 0.4988 0.4888 0.4910 0.5204 0.4907 0.4924 0.4910 0.4918 0.4944 0.4932 0.4897 0.4933 0.4911 0.5517 0.4883 0.4928 0.5320 0.4913 0.4923 0.4899 0.4898 0.4924 0.4895 0.5051 0.4905 0.5062 0.5000 0.4888 0.4867 0.5008 0.4857 0.4912 0.4880 0.4897 0.4892 0.5168 0.4902 0.4956 0.5219 0.4910 0.4984 0.4883 0.4906 0.4903 0.4870 0.4878 0.4918 0.4904 0.4994 0.5176 0.4908 0.4893 0.5187 0.4877 0.4884 0.4941 0.5450 0.4888 0.5000 0.4993 0.4908 0.4856 0.4882 0.4881 0.5093 0.4870 0.4911 0.4902 0.4895 0.4886 0.5003 0.4890 0.4868 0.4871 0.4868 0.4856 0.4836 0.4903 0.5025 0.4898 0.4960 0.4965 0.4893 0.4852 0.4849 0.4860 0.5204 0.4953 0.4867 0.4993 0.5000 0.5080 0.5092 0.5041 0.4868 0.5085 0.5100 0.5025 0.4916 0.4917 0.4909 0.4888 0.4925 0.4876 0.4920 0.4893 0.4910 0.4939 0.4920 0.5085 0.4905 0.4915 0.4899 0.4937 0.4910 0.4884 0.5125 0.4992 0.4920 0.5008 0.4908 0.5080 0.5000 0.4935 0.4979 0.4937 0.4893 0.4858 0.4871 0.4890 0.4939 0.4895 0.4856 0.4884 0.4886 0.4839 0.4880 0.5184 0.4892 0.4904 0.4846 0.4889 0.4960 0.5079 0.4871 0.4844 0.4906 0.4851 0.4994 0.4928 0.4857 0.4856 0.5092 0.4935 0.5000 0.5191 0.5120 0.4960 0.4933 0.4845 0.4899 0.4920 0.4937 0.4932 0.5157 0.4831 0.4863 0.4896 0.4900 0.4839 0.4901 0.4870 0.4892 0.4929 0.4898 0.4880 0.4901 0.4857 0.4853 0.4895 0.4988 0.4912 0.4882 0.5041 0.4979 0.5191 0.5000 0.5014 0.4896 0.4879 0.4883 0.4893 0.4948 0.4877 0.5016 0.4912 0.4938 0.4901 0.4875 0.4967 0.4933 0.4914 0.4875 0.4877 0.4888 0.5040 0.4922 0.4881 0.4859 0.4932 0.4961 0.4888 0.4880 0.4881 0.4868 0.4937 0.5120 0.5014 0.5000 0.4989 0.4898 0.4902 0.4913 0.4903 0.4901 0.4918 0.4916 0.4883 0.4888 0.4887 0.4975 0.4984 0.4922 0.4896 0.4897 0.4907 0.4992 0.4884 0.4901 0.4890 0.4898 0.5138 0.4910 0.4897 0.5093 0.5085 0.4893 0.4960 0.4896 0.4989 0.5000
# pstat_mip
0.5000 0.5053 0.4938 0.4917 0.4913 0.4982 0.4933 0.4951 0.4977 0.4975 0.5184 0.5063 0.4954 0.5454 0.4924 0.4914 0.4929 0.4998 0.4928 0.4956 0.5298 0.4926 0.4921 0.5227 0.4910 0.4910 0.5133 0.4901 0.4981 0.4926 0.4939 0.5053 0.5000 0.4939 0.4927 0.4988 0.4970 0.5225 0.4984 0.4988 0.4980 0.4925 0.4963 0.4970 0.4979 0.4955 0.5116 0.4994 0.4944 0.5197 0.4971 0.5032 0.5061 0.4927 0.4939 0.5194 0.4967 0.5069 0.4931 0.4910 0.4949 0.4960 0.4938 0.4939 0.5000 0.5083 0.4979 0.4994 0.5045 0.5015 0.5048 0.5028 0.4959 0.5011 0.5039 0.4952 0.5011 0.5038 0.5030 0.5010 0.5032 0.5023 0.4980 0.4994 0.4999 0.4970 0.4940 0.4985 0.4981 0.4976 0.4995 0.4988 0.4996 0.4917 0.4927 0.5083 0.5000 0.4947 0.5152 0.4956 0.5022 0.5032 0.5020 0.4949 0.5036 0.4975 0.4938 0.5109 0.5010 0.5000 0.4992 0.4987 0.5010 0.4968 0.4983 0.4977 0.4956 0.4994 0.4978 0.4983 0.5026 0.5017 0.5044 0.4988 0.4913 0.4988 0.4979 0.4947 0.5000 0.4935 0.5009 0.4969 0.5005 0.4988 0.4926 0.4964 0.4963 0.4964 0.5042 0.5158 0.4935 0.4950 0.5218 0.4985 0.4959 0.4944 0.5335 0.4949 0.5243 0.4940 0.4952 0.4951 0.5000 0.4940 0.4956 0.4982 0.4970 0.4994 0.5152 0.4935 0.5000 0.4939 0.4973 0.5008 0.5024 0.5067 0.5139 0.4948 0.4997 0.4973 0.4917 0.4955 0.5127 0.4953 0.5045 0.4954 0.4943 0.4895 0.4992 0.4949 0.5088 0.4956 0.4946 0.5031 0.5115 0.5005 0.4933 0.5225 0.5045 0.4956 0.5009 0.4939 0.5000 0.5003 0.5031 0.5013 0.4982 0.5000 0.5002 0.4951 0.4976 0.4985 0.4978 0.4988 0.4993 0.5005 0.4977 0.4986 0.4954 0.4969 0.5014 0.4956 0.4977 0.4952 0.5233 0.4987 0.4983 0.4951 0.4984 0.5015 0.5022 0.4969 0.4973 0.5003 0.5000 0.5027 0.5442 0.4927 0.5099 0.4995 0.4941 0.5029 0.4949 0.5053 0.5033 0.4964 0.5078 0.4951 0.4954 0.4936 0.4945 0.4922 0.4953 0.4944 0.4975 0.4930 0.5036 0.4970 0.4977 0.4988 0.5048 0.5032 0.5005 0.5008 0.5031 0.5027 0.5000 0.5041 0.4961 0.5018 0.5037 0.4963 0.5008 0.4963 0.4994 0.5022 0.4994 0.5032 0.4994 0.5085 0.4963 0.4983 0.4948 0.4962 0.4992 0.4934 0.4969 0.5006 0.4981 0.4975 0.4980 0.5028 0.5020 0.4988 0.5024 0.5013 0.5442 0.5041 0.5000 0.4923 0.5241 0.5013 0.4937 0.4964 0.4948 0.4972 0.4985 0.4979 0.4976 0.4959 0.4973 0.4946 0.4954 0.4938 0.4944 0.4953 0.4959 0.4984 0.4963 0.4964 0.5184 0.4925 0.4959 0.4949 0.4926 0.5067 0.4982 0.4927 0.4961 0.4923 0.5000 0.5033 0.4925 0.5336 0.4911 0.4905 0.4959 0.4858 0.4915 0.4982 0.5059 0.4933 0.4905 0.5541 0.4890 0.4899 0.4944 0.5229 0.4950 0.5016 0.5019 0.5063 0.4963 0.5011 0.5036 0.4964 0.5139 0.5000 0.5099 0.5018 0.5241 0.5033 0.5000 0.4976 0.4902 0.4965 0.4926 0.5081 0.4978 0.4960 0.5030 0.4965 0.4958 0.4920 0.4927 0.4914 0.4916 0.5002 0.4975 0.4932 0.5025 0.5065 0.4954 0.4970 0.5039 0.4975 0.4963 0.4948 0.5002 0.4995 0.5037 0.5013 0.4925 0.4976 0.5000 0.4958 0.5044 0.5038 0.5014 0.5025 0.5011 0.5167 0.4990 0.5004 0.4966 0.4978 0.4959 0.4992 0.4991 0.4998 0.5005 0.5017 0.5013 0.5454 0.4979 0.4952 0.4938 0.4964 0.4997 0.4951 0.4941 0.4963 0.4937 0.5336 0.4902 0.4958 0.5000 0.4896 0.4889 0.4895 0.4970 0.4982 0.4927 0.5363 0.4911 0.4909 0.5334 0.4916 0.5050 0.5104 0.4872 0.4899 0.4903 0.4921 0.4924 0.4955 0.5011 0.5109 0.5042 0.4973 0.4976 0.5029 0.5008 0.4964 0.4911 0.4965 0.5044 0.4896 0.5000 0.5012 0.4981 0.5152 0.5066 0.5020 0.4978 0.4994 0.4995 0.4966 0.5038 0.4994 0.4981 0.4989 0.5003 0.4986 0.4994 0.4914 0.5116 0.5038 0.5010 0.5158 0.4917 0.4985 0.4949 0.4963 0.4948 0.4905 0.4926 0.5038 0.4889 0.5012 0.5000 0.5044 0.4950 0.4905 0.5022 0.4958 0.4950 0.5438 0.4947 0.5196 0.5004 0.4951 0.5006 0.4981 0.4939 0.4952 0.4929 0.4994 0.5030 0.5000 0.4935 0.4955 0.4978 0.5053 0.4994 0.4972 0.4959 0.5081 0.5014 0.4895 0.4981 0.5044 0.5000 0.5163 0.4959 0.4939 0.4951 0.4949 0.5013 0.4939 0.4941 0.5038 0.4957 0.5155 0.4982 0.5123 0.5066 0.4998 0.4944 0.5010 0.4992 0.4950 0.5127 0.4988 0.5033 0.5022 0.4985 0.4858 0.4978 0.5025 0.4970 0.5152 0.4950 0.5163 0.5000 0.4968 0.5199 0.5063 0.4963 0.4931 0.4940 0.4927 0.4969 0.4997 0.4949 0.4967 0.5008 0.4961 0.4928 0.5197 0.5032 0.4987 0.5218 0.4953 0.4993 0.4964 0.4994 0.4979 0.4915 0.4960 0.5011 0.4982 0.5066 0.4905 0.4959 0.4968 0.5000 0.4992 0.4972 0.5110 0.4998 0.4963 0.5220 0.4923 0.4967 0.4918 0.4984 0.4963 0.4973 0.4956 0.4971 0.5023 0.5010 0.4985 0.5045 0.5005 0.5078 0.5032 0.4976 0.4982 0.5030 0.5167 0.4927 0.5020 0.5022 0.4939 0.5199 0.4992 0.5000 0.5024 0.5002 0.4907 0.4946 0.4919 0.4941 0.4956 0.5001 0.4963 0.4964 0.4983 0.5298 0.5032 0.4980 0.4968 0.4959 0.4954 0.4977 0.4951 0.4994 0.4959 0.5059 0.4965 0.4990 0.5363 0.4978 0.4958 0.4951 0.5063 0.4972 0.5024 0.5000 0.4928 0.4912 0.5076 0.4905 0.4905 0.5160 0.4898 0.4905 0.4984 0.4944 0.4926 0.5061 0.4994 0.4983 0.4944 0.4943 0.4986 0.4954 0.5085 0.4973 0.4933 0.4958 0.5004 0.4911 0.4994 0.4950 0.4949 0.4963 0.5110 0.5002 0.4928 0.5000 0.4963 0.4940 0.4970 0.5268 0.5043 0.5061 0.4969 0.5035 0.5203 0.4921 0.4927 0.4999 0.4977 0.5335 0.4895 0.4954 0.4936 0.4963 0.4946 0.4905 0.4920 0.4966 0.4909 0.4995 0.5438 0.5013 0.4931 0.4998 0.4907 0.4912 0.4963 0.5000 0.5078 0.5463 0.4981 0.4942 0.4957 0.5021 0.4920 0.4939 0.5227 0.4939 0.4970 0.4956 0.4949 0.4992 0.4969 0.4945 0.4983 0.4954 0.5541 0.4927 0.4978 0.5334 0.4966 0.4947 0.4939 0.4940 0.4963 0.4946 0.5076 0.4940 0.5078 0.5000 0.4905 0.4904 0.5037 0.4896 0.4955 0.4923 0.4934 0.4910 0.5194 0.4940 0.4994 0.5243 0.4949 0.5014 0.4922 0.4948 0.4938 0.4890 0.4914 0.4959 0.4916 0.5038 0.5196 0.4941 0.4927 0.5220 0.4919 0.4905 0.4970 0.5463 0.4905 0.5000 0.5023 0.4932 0.4888 0.4917 0.4916 0.5124 0.4910 0.4967 0.4985 0.4978 0.4940 0.5088 0.4956 0.4953 0.4962 0.4944 0.4899 0.4916 0.4992 0.5050 0.4994 0.5004 0.5038 0.4969 0.4923 0.4941 0.4905 0.5268 0.4981 0.4904 0.5023 0.5000 0.5132 0.5161 0.5118 0.4944 0.5152 0.5133 0.5069 0.4981 0.4983 0.4952 0.4956 0.4977 0.4944 0.4992 0.4953 0.4944 0.5002 0.4991 0.5104 0.4981 0.4951 0.4957 0.4997 0.4967 0.4956 0.5160 0.5043 0.4942 0.5037 0.4932 0.5132 0.5000 0.4990 0.5040 0.4997 0.4946 0.4901 0.4931 0.4976 0.5026 0.4951 0.4946 0.4952 0.4975 0.4934 0.4959 0.5229 0.4975 0.4998 0.4872 0.4989 0.5006 0.5155 0.4949 0.4918 0.5001 0.4898 0.5061 0.4957 0.4896 0.4888 0.5161 0.4990 0.5000 0.5271 0.5200 0.5030 0.4981 0.4910 0.4995 0.5017 0.5000 0.5031 0.5233 0.4930 0.4969 0.4984 0.4950 0.4932 0.5005 0.4899 0.5003 0.4981 0.4982 0.4967 0.4984 0.4963 0.4905 0.4969 0.5021 0.4955 0.4917 0.5118 0.5040 0.5271 0.5000 0.5103 0.4973 0.4926 0.4949 0.4988 0.5044 0.4940 0.5115 0.4987 0.5036 0.5006 0.4963 0.5016 0.5025 0.5017 0.4903 0.4986 0.4939 0.5123 0.5008 0.4963 0.4964 0.4984 0.5035 0.4920 0.4923 0.4916 0.4944 0.4997 0.5200 0.5103 0.5000 0.5066 0.4939 0.4960 0.4996 0.4988 0.4956 0.5005 0.4983 0.4970 0.4981 0.4964 0.5019 0.5065 0.5013 0.4921 0.4994 0.4952 0.5066 0.4961 0.4973 0.4983 0.4944 0.5203 0.4939 0.4934 0.5124 0.5152 0.4946 0.5030 0.4973 0.5066 0.5000
