# Sequence Length (log)
3.4012
# alignment-count (log)
4.890349
# effective-alignment-count (log)
2.545699
# Relative 'e' count
0.53
# Relative 'H' count
0.47
# Relative 'E' count
0.10
# AA composition
0.033
0.033
0.000
0.067
0.100
0.100
0.067
0.000
0.033
0.133
0.000
0.033
0.033
0.033
0.033
0.033
0.067
0.100
0.000
0.100
# Atchley factors
0.11 0.00 0.72 0.72 0.53 0.10 0.42 0.30 0.35 0.53 0.10 0.00 0.85 0.24 0.10 0.51 0.10 0.00 0.00 0.30 0.85 0.91 0.30 0.11 0.11 0.51 0.41 0.48 1.00 0.41
0.26 0.35 0.65 0.37 0.31 0.15 0.42 0.88 0.81 0.31 0.15 0.35 0.02 0.06 0.15 0.65 0.15 0.35 0.55 0.88 0.02 0.41 0.88 0.26 0.26 0.65 0.51 1.00 0.27 0.51
0.85 0.54 0.77 0.22 0.39 0.41 0.61 0.78 0.00 0.39 0.41 0.54 0.79 0.51 0.41 1.00 0.41 0.54 0.50 0.78 0.79 0.80 0.78 0.85 0.85 1.00 0.89 0.40 0.67 0.89
0.47 0.91 0.53 0.44 0.18 0.92 0.58 0.86 0.76 0.18 0.92 0.91 0.61 1.00 0.92 0.35 0.92 0.91 0.30 0.86 0.61 0.69 0.86 0.47 0.47 0.35 0.82 0.69 0.50 0.82
0.60 0.32 0.68 0.23 0.52 0.38 0.53 0.86 0.10 0.52 0.38 0.32 0.39 0.50 0.38 0.77 0.38 0.32 0.49 0.86 0.39 1.00 0.86 0.60 0.60 0.77 0.74 0.30 0.80 0.74
# Secondary Structure
0 0 0 0 0 0 0 0 1 1 1 1 1 1 1 1 1 1 1 1 1 1 0 0 0 0 0 0 0 0
0 0 0 0 0 0 0 0 0 0 0 0 0 0 0 0 0 0 0 0 0 0 0 1 1 1 0 0 0 0
1 1 1 1 1 1 1 1 0 0 0 0 0 0 0 0 0 0 0 0 0 0 1 0 0 0 1 1 1 1
# Solvent accessibility
1 1 1 1 1 0 0 0 1 1 0 0 1 0 0 0 0 0 0 0 1 1 0 0 0 0 1 1 1 1
# PSSM inf feature
0.0900 0.0450 0.1017 0.1183 0.1683 0.1000 0.0000 0.2017 0.0933 0.1717 0.1000 0.0883 0.1300 0.0850 0.1000 0.1617 0.0600 0.0717 0.2817 0.1667 0.1100 0.0983 0.2017 0.1633 0.1433 0.1783 0.0283 0.3167 0.0733 0.0567
# PSSM
0.1192 0.8808 0.2689 0.2689 0.1192 0.1192 0.2689 0.5000 0.7311 0.1192 0.1192 0.2689 0.1192 0.9933 0.1192 0.1192 0.2689 0.5000 0.2689 0.5000 0.2689 0.1192 0.5000 0.0474 0.0474 0.1192 0.5000 0.2689 0.2689 0.8808
0.0474 0.1192 0.2689 0.9526 0.7311 0.0474 0.2689 0.0474 0.2689 0.2689 0.0474 0.0474 0.2689 0.1192 0.0474 0.1192 0.1192 0.0474 0.0180 0.2689 0.2689 0.9933 0.0474 0.0474 0.0474 0.1192 0.2689 0.1192 0.8808 0.2689
0.0180 0.1192 0.9975 0.5000 0.5000 0.0180 0.2689 0.2689 0.5000 0.7311 0.0180 0.0474 0.5000 0.1192 0.0180 0.1192 0.0474 0.0474 0.0474 0.2689 0.7311 0.7311 0.2689 0.0180 0.0180 0.0474 0.9526 0.2689 0.7311 0.5000
0.0180 0.2689 0.7311 0.2689 0.1192 0.0180 0.2689 0.1192 0.2689 0.2689 0.0180 0.0180 0.9820 0.1192 0.0180 0.0474 0.0474 0.0180 0.0180 0.1192 0.9820 0.7311 0.1192 0.0180 0.0180 0.0180 0.2689 0.2689 0.5000 0.2689
0.1192 0.2689 0.0474 0.0180 0.0180 0.1192 0.2689 0.0474 0.2689 0.0180 0.1192 0.2689 0.0180 0.2689 0.1192 0.0474 0.1192 0.2689 1.0000 0.0474 0.0180 0.0180 0.0474 0.0474 0.0474 0.0474 0.1192 0.0180 0.0474 0.2689
0.0474 0.1192 0.5000 0.9975 0.5000 0.0474 0.2689 0.1192 0.2689 0.5000 0.0474 0.0474 0.7311 0.2689 0.0474 0.1192 0.1192 0.0474 0.0180 0.5000 0.7311 0.7311 0.1192 0.0180 0.0180 0.1192 0.5000 0.1192 0.7311 0.2689
0.0180 0.1192 0.2689 0.7311 0.2689 0.0474 0.2689 0.0474 0.2689 0.5000 0.0474 0.0474 0.9933 0.2689 0.0474 0.2689 0.0474 0.0474 0.0180 0.1192 0.9820 0.5000 0.0474 0.0180 0.0180 0.0474 0.5000 0.2689 0.5000 0.2689
0.0180 0.1192 0.2689 0.1192 0.0474 0.0180 0.2689 0.9975 0.2689 0.1192 0.0180 0.0180 0.1192 0.5000 0.0180 0.0180 0.0474 0.0474 0.0474 0.9975 0.1192 0.1192 0.9975 0.0180 0.0180 0.0180 0.1192 0.0474 0.1192 0.2689
0.1192 0.0474 0.5000 0.5000 0.9999 0.0474 0.2689 0.0474 0.2689 0.9999 0.0474 0.0180 0.2689 0.1192 0.0474 0.9526 0.0474 0.0180 0.0180 0.1192 0.2689 0.2689 0.0474 0.1192 0.2689 0.7311 0.2689 0.0474 0.2689 0.1192
0.8808 0.7311 0.0474 0.0474 0.0180 0.7311 0.2689 0.0180 0.0474 0.0180 0.7311 0.8808 0.0180 0.1192 0.7311 0.1192 0.7311 0.9526 0.1192 0.0180 0.0180 0.0474 0.0180 0.5000 0.5000 0.1192 0.5000 0.0474 0.0474 0.1192
0.7311 0.5000 0.0180 0.0474 0.0474 0.9933 0.2689 0.0180 0.0474 0.0180 0.9933 0.7311 0.0180 0.1192 0.9933 0.1192 0.9820 0.7311 0.1192 0.0180 0.0180 0.0474 0.0180 0.5000 0.5000 0.2689 0.2689 0.0180 0.0474 0.1192
0.0474 0.1192 0.5000 0.8808 0.2689 0.0474 0.2689 0.1192 0.2689 0.2689 0.0474 0.0474 0.5000 0.2689 0.0474 0.1192 0.1192 0.0474 0.0180 0.2689 0.5000 0.9526 0.1192 0.0180 0.0180 0.1192 0.2689 0.2689 0.9820 0.2689
0.5000 0.5000 0.1192 0.2689 0.1192 0.8808 0.2689 0.0474 0.1192 0.1192 0.8808 0.5000 0.0474 0.2689 0.8808 0.2689 0.9526 0.5000 0.1192 0.0474 0.0474 0.1192 0.0474 0.5000 0.5000 0.2689 0.5000 0.0474 0.2689 0.2689
0.9975 0.1192 0.0474 0.0180 0.2689 0.5000 0.2689 0.0180 0.0474 0.1192 0.5000 0.2689 0.0180 0.0474 0.5000 0.9526 0.7311 0.2689 0.0474 0.0180 0.0180 0.0474 0.0180 0.9991 0.9991 0.9526 0.1192 0.0180 0.0474 0.0474
0.0180 0.9526 0.2689 0.2689 0.0474 0.0474 0.2689 0.0474 0.7311 0.0474 0.0474 0.0474 0.1192 0.2689 0.0474 0.0474 0.0474 0.0474 0.0180 0.0474 0.7311 0.1192 0.0474 0.0180 0.0180 0.0180 0.1192 0.9997 0.7311 0.2689
0.0474 0.2689 0.8808 0.2689 0.2689 0.0474 0.2689 0.2689 0.9933 0.2689 0.0474 0.1192 0.5000 0.7311 0.0474 0.1192 0.2689 0.1192 0.2689 0.2689 0.5000 0.5000 0.2689 0.0474 0.0474 0.1192 0.7311 0.2689 0.5000 0.9526
0.1192 0.5000 0.5000 0.2689 0.1192 0.1192 0.2689 0.1192 0.7311 0.1192 0.1192 0.5000 0.2689 0.7311 0.1192 0.1192 0.2689 0.5000 0.2689 0.1192 0.2689 0.2689 0.1192 0.0474 0.1192 0.1192 0.9526 0.1192 0.5000 0.9526
0.5000 0.0474 0.0180 0.0474 0.1192 0.1192 0.2689 0.0474 0.0474 0.0474 0.1192 0.0474 0.0180 0.0474 0.1192 0.8808 0.1192 0.0474 0.0474 0.0474 0.0180 0.0474 0.0474 0.7311 0.7311 0.8808 0.0474 0.0180 0.0180 0.0474
0.8808 0.1192 0.1192 0.1192 0.9526 0.2689 0.2689 0.0180 0.1192 0.7311 0.2689 0.1192 0.0474 0.1192 0.2689 0.9991 0.2689 0.1192 0.0474 0.0474 0.0474 0.1192 0.0180 0.9526 0.9820 0.9997 0.2689 0.0180 0.1192 0.1192
0.5000 0.9526 0.0474 0.0474 0.0180 0.7311 0.2689 0.0180 0.1192 0.0180 0.7311 0.9933 0.0474 0.2689 0.7311 0.1192 0.7311 0.9933 0.2689 0.0180 0.0474 0.0474 0.0180 0.2689 0.2689 0.1192 0.5000 0.0474 0.1192 0.2689
# PSSM Sums (divided by 100)
1.0000 1.0100 1.0000 1.0000 1.0100 1.0000 0.9700 1.0000 1.0000 0.9900 1.0000 1.0000 1.0000 1.0000 1.0000 1.0000 1.0000 1.0000 1.0000 1.0000 1.0100 0.9900 1.0000 1.0000 1.0000 0.9700 0.9800 1.0000 1.0000 1.0000
# PSSM sum cosines
1.00 0.02 0.00 0.00 0.00 0.17 0.00 0.00 0.00 0.00 0.17 0.00 0.00 0.00 0.17 0.08 0.24 0.03 0.00 0.00 0.00 0.00 0.00 0.93 0.94 0.06 0.09 0.00 0.00 0.00 0.02 1.00 0.02 0.01 0.00 0.00 0.00 0.00 0.03 0.00 0.00 0.82 0.02 0.51 0.00 0.00 0.02 0.85 0.00 0.01 0.06 0.01 0.00 0.00 0.00 0.00 0.12 0.26 0.03 0.26 0.00 0.02 1.00 0.00 0.00 0.00 0.00 0.00 0.33 0.07 0.00 0.00 0.00 0.03 0.00 0.00 0.04 0.00 0.00 0.00 0.08 0.08 0.00 0.00 0.00 0.00 0.55 0.06 0.14 0.22 0.00 0.01 0.00 1.00 0.02 0.00 0.00 0.00 0.00 0.00 0.00 0.00 0.00 0.00 0.00 0.00 0.00 0.00 0.00 0.07 0.00 0.19 0.00 0.00 0.00 0.00 0.10 0.03 0.10 0.00 0.00 0.00 0.00 0.02 1.00 0.00 0.00 0.00 0.00 0.99 0.00 0.00 0.00 0.00 0.00 0.16 0.00 0.00 0.00 0.00 0.00 0.09 0.00 0.00 0.01 0.11 0.01 0.00 0.01 0.00 0.17 0.00 0.00 0.00 0.00 1.00 0.00 0.00 0.00 0.00 1.00 0.00 0.00 0.00 1.00 0.00 0.98 0.00 0.00 0.00 0.00 0.00 0.00 0.03 0.00 0.00 0.05 0.00 0.00 0.00 0.00 0.00 0.00 0.00 0.00 0.00 1.00 0.00 0.00 0.00 0.00 0.00 0.00 0.00 0.00 0.00 0.00 0.00 1.00 0.00 0.00 0.00 0.00 0.00 0.00 0.00 0.00 0.00 0.00 0.00 0.00 0.00 0.00 0.00 0.00 0.00 0.00 1.00 0.00 0.00 0.00 0.00 0.00 0.00 0.00 0.00 0.00 0.00 0.00 1.00 0.00 0.00 1.00 0.00 0.00 0.00 0.00 0.00 0.00 0.00 0.00 0.03 0.33 0.00 0.00 0.00 0.00 0.00 1.00 0.02 0.00 0.00 0.00 0.04 0.00 0.00 0.13 0.00 0.00 0.00 0.05 0.03 0.00 0.00 0.00 0.00 0.33 0.04 0.08 0.65 0.00 0.00 0.07 0.00 0.99 0.00 0.00 0.00 0.02 1.00 0.00 0.00 0.04 0.00 0.00 0.06 0.00 0.00 0.00 0.00 0.05 0.01 0.00 0.00 0.00 0.00 0.04 0.00 0.01 0.01 0.17 0.00 0.00 0.00 0.00 1.00 0.00 0.00 0.00 0.00 1.00 0.00 0.00 0.00 1.00 0.00 0.98 0.00 0.00 0.00 0.00 0.00 0.00 0.03 0.00 0.00 0.05 0.00 0.00 0.00 0.00 0.82 0.00 0.00 0.00 0.00 0.00 0.00 0.00 0.00 0.00 1.00 0.00 0.00 0.00 0.00 0.03 0.99 0.00 0.00 0.00 0.00 0.00 0.00 0.00 0.00 0.05 0.00 0.00 0.00 0.00 0.02 0.00 0.00 0.00 0.00 0.00 0.00 0.00 0.04 0.00 0.00 1.00 0.00 0.00 0.03 0.00 0.00 0.00 0.00 0.96 0.05 0.00 0.00 0.00 0.00 0.06 0.02 0.01 0.00 0.00 0.51 0.03 0.00 0.00 0.00 0.00 0.00 0.04 0.00 0.00 0.00 0.00 1.00 0.00 0.00 0.00 0.07 0.00 0.02 0.00 0.00 0.00 0.00 0.00 0.00 0.09 0.00 0.00 0.48 0.17 0.00 0.00 0.00 0.00 1.00 0.00 0.00 0.00 0.00 1.00 0.00 0.00 0.00 1.00 0.00 0.98 0.00 0.00 0.00 0.00 0.00 0.00 0.03 0.00 0.00 0.05 0.00 0.00 0.00 0.08 0.00 0.00 0.00 0.16 0.00 0.00 0.00 0.00 0.06 0.00 0.00 0.03 0.00 0.00 1.00 0.01 0.00 0.00 0.00 0.03 0.00 0.00 0.08 0.21 1.00 0.03 0.00 0.00 0.00 0.24 0.02 0.04 0.00 0.00 0.98 0.00 0.00 0.13 0.00 0.98 0.03 0.00 0.00 0.98 0.01 1.00 0.03 0.00 0.00 0.01 0.00 0.00 0.11 0.08 0.01 0.11 0.00 0.01 0.09 0.03 0.85 0.00 0.00 0.00 0.00 0.00 0.00 0.00 0.00 0.00 0.99 0.00 0.07 0.00 0.00 0.03 1.00 0.00 0.00 0.00 0.00 0.00 0.00 0.01 0.00 0.07 0.00 0.00 0.03 0.00 0.00 0.00 0.00 0.00 0.00 1.00 0.00 0.00 0.00 0.00 0.00 0.00 0.00 0.00 0.00 0.00 0.00 1.00 0.00 0.00 0.00 0.00 0.00 0.00 0.00 0.00 0.00 0.00 0.00 0.00 0.01 0.00 0.07 0.00 0.00 0.00 1.00 0.00 0.00 0.00 0.00 0.00 0.02 0.00 0.00 0.00 0.00 0.00 1.00 0.00 0.02 1.00 0.00 0.00 0.00 0.01 0.00 0.00 0.01 0.00 0.06 0.08 0.00 0.00 0.00 0.00 0.00 0.05 0.05 0.00 0.00 0.96 0.00 0.00 0.03 0.01 0.00 0.00 0.00 1.00 0.08 0.00 0.00 0.00 0.00 0.10 0.14 0.04 0.03 0.00 0.01 0.08 0.19 0.09 0.00 0.00 0.00 0.03 0.01 0.00 0.00 0.05 0.00 0.00 0.00 0.00 0.00 0.00 0.02 0.08 1.00 0.00 0.00 0.00 0.00 0.10 0.02 0.43 0.04 0.00 0.00 0.00 0.00 0.00 0.00 0.00 1.00 0.00 0.00 0.00 0.00 0.00 0.00 0.00 0.00 0.00 0.00 0.00 1.00 0.00 0.00 1.00 0.00 0.00 0.00 0.00 0.00 0.00 0.00 0.93 0.00 0.00 0.00 0.00 0.03 0.00 0.00 0.00 0.00 0.03 0.00 0.00 0.00 0.03 0.08 0.11 0.00 0.00 0.00 0.00 0.00 0.00 1.00 0.99 0.07 0.00 0.00 0.00 0.00 0.94 0.00 0.00 0.00 0.01 0.00 0.00 0.00 0.00 0.00 0.00 0.00 0.00 0.00 0.00 0.21 0.08 0.01 0.00 0.00 0.00 0.00 0.00 0.99 1.00 0.19 0.02 0.00 0.00 0.00 0.06 0.00 0.00 0.00 0.11 0.00 0.00 0.00 0.00 0.00 0.00 0.00 0.00 0.00 0.00 1.00 0.01 0.00 0.00 0.00 0.00 0.00 0.00 0.07 0.19 1.00 0.02 0.00 0.00 0.00 0.09 0.12 0.55 0.10 0.01 0.05 0.00 0.00 0.33 0.04 0.05 0.05 0.06 0.09 0.05 0.03 0.11 0.07 0.00 0.01 0.10 0.10 0.00 0.00 0.02 0.02 1.00 0.02 0.13 0.71 0.00 0.26 0.06 0.03 0.00 0.00 0.00 0.00 0.04 0.00 0.00 0.00 0.02 0.00 0.00 0.00 0.00 0.00 0.00 0.00 0.14 0.02 0.00 0.00 0.00 0.00 0.02 1.00 0.15 0.00 0.00 0.03 0.14 0.10 0.01 0.00 0.00 0.00 0.08 0.01 0.00 0.00 0.01 0.00 0.00 0.00 0.01 0.00 0.00 0.00 0.04 0.43 0.00 0.00 0.00 0.00 0.13 0.15 1.00 0.10 0.00 0.26 0.22 0.00 0.00 0.00 0.00 0.00 0.65 0.01 0.00 0.00 0.00 0.48 0.00 0.00 0.09 0.03 0.00 0.01 0.03 0.04 0.00 0.00 0.00 0.00 0.71 0.00 0.10 1.00
# Relative sequence separation
0.00 0.03 0.07 0.10 0.13 0.17 0.20 0.23 0.27 0.30 0.33 0.37 0.40 0.43 0.47 0.50 0.53 0.57 0.60 0.63 0.67 0.70 0.73 0.77 0.80 0.83 0.87 0.90 0.93 0.97 0.03 0.00 0.03 0.07 0.10 0.13 0.17 0.20 0.23 0.27 0.30 0.33 0.37 0.40 0.43 0.47 0.50 0.53 0.57 0.60 0.63 0.67 0.70 0.73 0.77 0.80 0.83 0.87 0.90 0.93 0.07 0.03 0.00 0.03 0.07 0.10 0.13 0.17 0.20 0.23 0.27 0.30 0.33 0.37 0.40 0.43 0.47 0.50 0.53 0.57 0.60 0.63 0.67 0.70 0.73 0.77 0.80 0.83 0.87 0.90 0.10 0.07 0.03 0.00 0.03 0.07 0.10 0.13 0.17 0.20 0.23 0.27 0.30 0.33 0.37 0.40 0.43 0.47 0.50 0.53 0.57 0.60 0.63 0.67 0.70 0.73 0.77 0.80 0.83 0.87 0.13 0.10 0.07 0.03 0.00 0.03 0.07 0.10 0.13 0.17 0.20 0.23 0.27 0.30 0.33 0.37 0.40 0.43 0.47 0.50 0.53 0.57 0.60 0.63 0.67 0.70 0.73 0.77 0.80 0.83 0.17 0.13 0.10 0.07 0.03 0.00 0.03 0.07 0.10 0.13 0.17 0.20 0.23 0.27 0.30 0.33 0.37 0.40 0.43 0.47 0.50 0.53 0.57 0.60 0.63 0.67 0.70 0.73 0.77 0.80 0.20 0.17 0.13 0.10 0.07 0.03 0.00 0.03 0.07 0.10 0.13 0.17 0.20 0.23 0.27 0.30 0.33 0.37 0.40 0.43 0.47 0.50 0.53 0.57 0.60 0.63 0.67 0.70 0.73 0.77 0.23 0.20 0.17 0.13 0.10 0.07 0.03 0.00 0.03 0.07 0.10 0.13 0.17 0.20 0.23 0.27 0.30 0.33 0.37 0.40 0.43 0.47 0.50 0.53 0.57 0.60 0.63 0.67 0.70 0.73 0.27 0.23 0.20 0.17 0.13 0.10 0.07 0.03 0.00 0.03 0.07 0.10 0.13 0.17 0.20 0.23 0.27 0.30 0.33 0.37 0.40 0.43 0.47 0.50 0.53 0.57 0.60 0.63 0.67 0.70 0.30 0.27 0.23 0.20 0.17 0.13 0.10 0.07 0.03 0.00 0.03 0.07 0.10 0.13 0.17 0.20 0.23 0.27 0.30 0.33 0.37 0.40 0.43 0.47 0.50 0.53 0.57 0.60 0.63 0.67 0.33 0.30 0.27 0.23 0.20 0.17 0.13 0.10 0.07 0.03 0.00 0.03 0.07 0.10 0.13 0.17 0.20 0.23 0.27 0.30 0.33 0.37 0.40 0.43 0.47 0.50 0.53 0.57 0.60 0.63 0.37 0.33 0.30 0.27 0.23 0.20 0.17 0.13 0.10 0.07 0.03 0.00 0.03 0.07 0.10 0.13 0.17 0.20 0.23 0.27 0.30 0.33 0.37 0.40 0.43 0.47 0.50 0.53 0.57 0.60 0.40 0.37 0.33 0.30 0.27 0.23 0.20 0.17 0.13 0.10 0.07 0.03 0.00 0.03 0.07 0.10 0.13 0.17 0.20 0.23 0.27 0.30 0.33 0.37 0.40 0.43 0.47 0.50 0.53 0.57 0.43 0.40 0.37 0.33 0.30 0.27 0.23 0.20 0.17 0.13 0.10 0.07 0.03 0.00 0.03 0.07 0.10 0.13 0.17 0.20 0.23 0.27 0.30 0.33 0.37 0.40 0.43 0.47 0.50 0.53 0.47 0.43 0.40 0.37 0.33 0.30 0.27 0.23 0.20 0.17 0.13 0.10 0.07 0.03 0.00 0.03 0.07 0.10 0.13 0.17 0.20 0.23 0.27 0.30 0.33 0.37 0.40 0.43 0.47 0.50 0.50 0.47 0.43 0.40 0.37 0.33 0.30 0.27 0.23 0.20 0.17 0.13 0.10 0.07 0.03 0.00 0.03 0.07 0.10 0.13 0.17 0.20 0.23 0.27 0.30 0.33 0.37 0.40 0.43 0.47 0.53 0.50 0.47 0.43 0.40 0.37 0.33 0.30 0.27 0.23 0.20 0.17 0.13 0.10 0.07 0.03 0.00 0.03 0.07 0.10 0.13 0.17 0.20 0.23 0.27 0.30 0.33 0.37 0.40 0.43 0.57 0.53 0.50 0.47 0.43 0.40 0.37 0.33 0.30 0.27 0.23 0.20 0.17 0.13 0.10 0.07 0.03 0.00 0.03 0.07 0.10 0.13 0.17 0.20 0.23 0.27 0.30 0.33 0.37 0.40 0.60 0.57 0.53 0.50 0.47 0.43 0.40 0.37 0.33 0.30 0.27 0.23 0.20 0.17 0.13 0.10 0.07 0.03 0.00 0.03 0.07 0.10 0.13 0.17 0.20 0.23 0.27 0.30 0.33 0.37 0.63 0.60 0.57 0.53 0.50 0.47 0.43 0.40 0.37 0.33 0.30 0.27 0.23 0.20 0.17 0.13 0.10 0.07 0.03 0.00 0.03 0.07 0.10 0.13 0.17 0.20 0.23 0.27 0.30 0.33 0.67 0.63 0.60 0.57 0.53 0.50 0.47 0.43 0.40 0.37 0.33 0.30 0.27 0.23 0.20 0.17 0.13 0.10 0.07 0.03 0.00 0.03 0.07 0.10 0.13 0.17 0.20 0.23 0.27 0.30 0.70 0.67 0.63 0.60 0.57 0.53 0.50 0.47 0.43 0.40 0.37 0.33 0.30 0.27 0.23 0.20 0.17 0.13 0.10 0.07 0.03 0.00 0.03 0.07 0.10 0.13 0.17 0.20 0.23 0.27 0.73 0.70 0.67 0.63 0.60 0.57 0.53 0.50 0.47 0.43 0.40 0.37 0.33 0.30 0.27 0.23 0.20 0.17 0.13 0.10 0.07 0.03 0.00 0.03 0.07 0.10 0.13 0.17 0.20 0.23 0.77 0.73 0.70 0.67 0.63 0.60 0.57 0.53 0.50 0.47 0.43 0.40 0.37 0.33 0.30 0.27 0.23 0.20 0.17 0.13 0.10 0.07 0.03 0.00 0.03 0.07 0.10 0.13 0.17 0.20 0.80 0.77 0.73 0.70 0.67 0.63 0.60 0.57 0.53 0.50 0.47 0.43 0.40 0.37 0.33 0.30 0.27 0.23 0.20 0.17 0.13 0.10 0.07 0.03 0.00 0.03 0.07 0.10 0.13 0.17 0.83 0.80 0.77 0.73 0.70 0.67 0.63 0.60 0.57 0.53 0.50 0.47 0.43 0.40 0.37 0.33 0.30 0.27 0.23 0.20 0.17 0.13 0.10 0.07 0.03 0.00 0.03 0.07 0.10 0.13 0.87 0.83 0.80 0.77 0.73 0.70 0.67 0.63 0.60 0.57 0.53 0.50 0.47 0.43 0.40 0.37 0.33 0.30 0.27 0.23 0.20 0.17 0.13 0.10 0.07 0.03 0.00 0.03 0.07 0.10 0.90 0.87 0.83 0.80 0.77 0.73 0.70 0.67 0.63 0.60 0.57 0.53 0.50 0.47 0.43 0.40 0.37 0.33 0.30 0.27 0.23 0.20 0.17 0.13 0.10 0.07 0.03 0.00 0.03 0.07 0.93 0.90 0.87 0.83 0.80 0.77 0.73 0.70 0.67 0.63 0.60 0.57 0.53 0.50 0.47 0.43 0.40 0.37 0.33 0.30 0.27 0.23 0.20 0.17 0.13 0.10 0.07 0.03 0.00 0.03 0.97 0.93 0.90 0.87 0.83 0.80 0.77 0.73 0.70 0.67 0.63 0.60 0.57 0.53 0.50 0.47 0.43 0.40 0.37 0.33 0.30 0.27 0.23 0.20 0.17 0.13 0.10 0.07 0.03 0.00
# Sequence separation between 23 and 28
0 0 0 0 0 0 0 0 0 0 0 0 0 0 0 0 0 0 0 0 0 0 0 1 1 1 1 1 0 0 0 0 0 0 0 0 0 0 0 0 0 0 0 0 0 0 0 0 0 0 0 0 0 0 1 1 1 1 1 0 0 0 0 0 0 0 0 0 0 0 0 0 0 0 0 0 0 0 0 0 0 0 0 0 0 1 1 1 1 1 0 0 0 0 0 0 0 0 0 0 0 0 0 0 0 0 0 0 0 0 0 0 0 0 0 0 1 1 1 1 0 0 0 0 0 0 0 0 0 0 0 0 0 0 0 0 0 0 0 0 0 0 0 0 0 0 0 1 1 1 0 0 0 0 0 0 0 0 0 0 0 0 0 0 0 0 0 0 0 0 0 0 0 0 0 0 0 0 1 1 0 0 0 0 0 0 0 0 0 0 0 0 0 0 0 0 0 0 0 0 0 0 0 0 0 0 0 0 0 1 0 0 0 0 0 0 0 0 0 0 0 0 0 0 0 0 0 0 0 0 0 0 0 0 0 0 0 0 0 0 0 0 0 0 0 0 0 0 0 0 0 0 0 0 0 0 0 0 0 0 0 0 0 0 0 0 0 0 0 0 0 0 0 0 0 0 0 0 0 0 0 0 0 0 0 0 0 0 0 0 0 0 0 0 0 0 0 0 0 0 0 0 0 0 0 0 0 0 0 0 0 0 0 0 0 0 0 0 0 0 0 0 0 0 0 0 0 0 0 0 0 0 0 0 0 0 0 0 0 0 0 0 0 0 0 0 0 0 0 0 0 0 0 0 0 0 0 0 0 0 0 0 0 0 0 0 0 0 0 0 0 0 0 0 0 0 0 0 0 0 0 0 0 0 0 0 0 0 0 0 0 0 0 0 0 0 0 0 0 0 0 0 0 0 0 0 0 0 0 0 0 0 0 0 0 0 0 0 0 0 0 0 0 0 0 0 0 0 0 0 0 0 0 0 0 0 0 0 0 0 0 0 0 0 0 0 0 0 0 0 0 0 0 0 0 0 0 0 0 0 0 0 0 0 0 0 0 0 0 0 0 0 0 0 0 0 0 0 0 0 0 0 0 0 0 0 0 0 0 0 0 0 0 0 0 0 0 0 0 0 0 0 0 0 0 0 0 0 0 0 0 0 0 0 0 0 0 0 0 0 0 0 0 0 0 0 0 0 0 0 0 0 0 0 0 0 0 0 0 0 0 0 0 0 0 0 0 0 0 0 0 0 0 0 0 0 0 0 0 0 0 0 0 0 0 0 0 0 0 0 0 0 0 0 0 0 0 0 0 0 0 0 0 0 0 0 0 0 0 0 0 0 0 0 0 0 0 0 0 0 0 0 0 0 0 0 0 0 0 0 0 0 0 0 0 0 0 0 0 0 0 0 0 0 0 0 0 0 0 0 0 0 0 0 0 0 0 0 0 0 0 0 0 0 0 0 0 0 0 0 0 0 0 0 0 0 0 0 0 0 0 0 0 0 0 0 0 0 0 0 0 0 0 0 0 0 0 0 0 0 0 0 0 0 0 0 0 0 0 0 1 0 0 0 0 0 0 0 0 0 0 0 0 0 0 0 0 0 0 0 0 0 0 0 0 0 0 0 0 0 1 1 0 0 0 0 0 0 0 0 0 0 0 0 0 0 0 0 0 0 0 0 0 0 0 0 0 0 0 0 1 1 1 0 0 0 0 0 0 0 0 0 0 0 0 0 0 0 0 0 0 0 0 0 0 0 0 0 0 0 1 1 1 1 0 0 0 0 0 0 0 0 0 0 0 0 0 0 0 0 0 0 0 0 0 0 0 0 0 0 1 1 1 1 1 0 0 0 0 0 0 0 0 0 0 0 0 0 0 0 0 0 0 0 0 0 0 0 0 0 0 1 1 1 1 1 0 0 0 0 0 0 0 0 0 0 0 0 0 0 0 0 0 0 0 0 0 0 0 0 0 0 1 1 1 1 1 0 0 0 0 0 0 0 0 0 0 0 0 0 0 0 0 0 0 0 0 0 0 0
# Sequence separation between 28 and 38
0 0 0 0 0 0 0 0 0 0 0 0 0 0 0 0 0 0 0 0 0 0 0 0 0 0 0 0 1 1 0 0 0 0 0 0 0 0 0 0 0 0 0 0 0 0 0 0 0 0 0 0 0 0 0 0 0 0 0 1 0 0 0 0 0 0 0 0 0 0 0 0 0 0 0 0 0 0 0 0 0 0 0 0 0 0 0 0 0 0 0 0 0 0 0 0 0 0 0 0 0 0 0 0 0 0 0 0 0 0 0 0 0 0 0 0 0 0 0 0 0 0 0 0 0 0 0 0 0 0 0 0 0 0 0 0 0 0 0 0 0 0 0 0 0 0 0 0 0 0 0 0 0 0 0 0 0 0 0 0 0 0 0 0 0 0 0 0 0 0 0 0 0 0 0 0 0 0 0 0 0 0 0 0 0 0 0 0 0 0 0 0 0 0 0 0 0 0 0 0 0 0 0 0 0 0 0 0 0 0 0 0 0 0 0 0 0 0 0 0 0 0 0 0 0 0 0 0 0 0 0 0 0 0 0 0 0 0 0 0 0 0 0 0 0 0 0 0 0 0 0 0 0 0 0 0 0 0 0 0 0 0 0 0 0 0 0 0 0 0 0 0 0 0 0 0 0 0 0 0 0 0 0 0 0 0 0 0 0 0 0 0 0 0 0 0 0 0 0 0 0 0 0 0 0 0 0 0 0 0 0 0 0 0 0 0 0 0 0 0 0 0 0 0 0 0 0 0 0 0 0 0 0 0 0 0 0 0 0 0 0 0 0 0 0 0 0 0 0 0 0 0 0 0 0 0 0 0 0 0 0 0 0 0 0 0 0 0 0 0 0 0 0 0 0 0 0 0 0 0 0 0 0 0 0 0 0 0 0 0 0 0 0 0 0 0 0 0 0 0 0 0 0 0 0 0 0 0 0 0 0 0 0 0 0 0 0 0 0 0 0 0 0 0 0 0 0 0 0 0 0 0 0 0 0 0 0 0 0 0 0 0 0 0 0 0 0 0 0 0 0 0 0 0 0 0 0 0 0 0 0 0 0 0 0 0 0 0 0 0 0 0 0 0 0 0 0 0 0 0 0 0 0 0 0 0 0 0 0 0 0 0 0 0 0 0 0 0 0 0 0 0 0 0 0 0 0 0 0 0 0 0 0 0 0 0 0 0 0 0 0 0 0 0 0 0 0 0 0 0 0 0 0 0 0 0 0 0 0 0 0 0 0 0 0 0 0 0 0 0 0 0 0 0 0 0 0 0 0 0 0 0 0 0 0 0 0 0 0 0 0 0 0 0 0 0 0 0 0 0 0 0 0 0 0 0 0 0 0 0 0 0 0 0 0 0 0 0 0 0 0 0 0 0 0 0 0 0 0 0 0 0 0 0 0 0 0 0 0 0 0 0 0 0 0 0 0 0 0 0 0 0 0 0 0 0 0 0 0 0 0 0 0 0 0 0 0 0 0 0 0 0 0 0 0 0 0 0 0 0 0 0 0 0 0 0 0 0 0 0 0 0 0 0 0 0 0 0 0 0 0 0 0 0 0 0 0 0 0 0 0 0 0 0 0 0 0 0 0 0 0 0 0 0 0 0 0 0 0 0 0 0 0 0 0 0 0 0 0 0 0 0 0 0 0 0 0 0 0 0 0 0 0 0 0 0 0 0 0 0 0 0 0 0 0 0 0 0 0 0 0 0 0 0 0 0 0 0 0 0 0 0 0 0 0 0 0 0 0 0 0 0 0 0 0 0 0 0 0 0 0 0 0 0 0 0 0 0 0 0 0 0 0 0 0 0 0 0 0 0 0 0 0 0 0 0 0 0 0 0 0 0 0 0 0 0 0 0 0 0 0 0 0 0 0 0 0 0 0 0 0 0 0 0 0 0 0 0 0 0 1 0 0 0 0 0 0 0 0 0 0 0 0 0 0 0 0 0 0 0 0 0 0 0 0 0 0 0 0 0 1 1 0 0 0 0 0 0 0 0 0 0 0 0 0 0 0 0 0 0 0 0 0 0 0 0 0 0 0 0
# Sequence separation between 38 and 48
0 0 0 0 0 0 0 0 0 0 0 0 0 0 0 0 0 0 0 0 0 0 0 0 0 0 0 0 0 0 0 0 0 0 0 0 0 0 0 0 0 0 0 0 0 0 0 0 0 0 0 0 0 0 0 0 0 0 0 0 0 0 0 0 0 0 0 0 0 0 0 0 0 0 0 0 0 0 0 0 0 0 0 0 0 0 0 0 0 0 0 0 0 0 0 0 0 0 0 0 0 0 0 0 0 0 0 0 0 0 0 0 0 0 0 0 0 0 0 0 0 0 0 0 0 0 0 0 0 0 0 0 0 0 0 0 0 0 0 0 0 0 0 0 0 0 0 0 0 0 0 0 0 0 0 0 0 0 0 0 0 0 0 0 0 0 0 0 0 0 0 0 0 0 0 0 0 0 0 0 0 0 0 0 0 0 0 0 0 0 0 0 0 0 0 0 0 0 0 0 0 0 0 0 0 0 0 0 0 0 0 0 0 0 0 0 0 0 0 0 0 0 0 0 0 0 0 0 0 0 0 0 0 0 0 0 0 0 0 0 0 0 0 0 0 0 0 0 0 0 0 0 0 0 0 0 0 0 0 0 0 0 0 0 0 0 0 0 0 0 0 0 0 0 0 0 0 0 0 0 0 0 0 0 0 0 0 0 0 0 0 0 0 0 0 0 0 0 0 0 0 0 0 0 0 0 0 0 0 0 0 0 0 0 0 0 0 0 0 0 0 0 0 0 0 0 0 0 0 0 0 0 0 0 0 0 0 0 0 0 0 0 0 0 0 0 0 0 0 0 0 0 0 0 0 0 0 0 0 0 0 0 0 0 0 0 0 0 0 0 0 0 0 0 0 0 0 0 0 0 0 0 0 0 0 0 0 0 0 0 0 0 0 0 0 0 0 0 0 0 0 0 0 0 0 0 0 0 0 0 0 0 0 0 0 0 0 0 0 0 0 0 0 0 0 0 0 0 0 0 0 0 0 0 0 0 0 0 0 0 0 0 0 0 0 0 0 0 0 0 0 0 0 0 0 0 0 0 0 0 0 0 0 0 0 0 0 0 0 0 0 0 0 0 0 0 0 0 0 0 0 0 0 0 0 0 0 0 0 0 0 0 0 0 0 0 0 0 0 0 0 0 0 0 0 0 0 0 0 0 0 0 0 0 0 0 0 0 0 0 0 0 0 0 0 0 0 0 0 0 0 0 0 0 0 0 0 0 0 0 0 0 0 0 0 0 0 0 0 0 0 0 0 0 0 0 0 0 0 0 0 0 0 0 0 0 0 0 0 0 0 0 0 0 0 0 0 0 0 0 0 0 0 0 0 0 0 0 0 0 0 0 0 0 0 0 0 0 0 0 0 0 0 0 0 0 0 0 0 0 0 0 0 0 0 0 0 0 0 0 0 0 0 0 0 0 0 0 0 0 0 0 0 0 0 0 0 0 0 0 0 0 0 0 0 0 0 0 0 0 0 0 0 0 0 0 0 0 0 0 0 0 0 0 0 0 0 0 0 0 0 0 0 0 0 0 0 0 0 0 0 0 0 0 0 0 0 0 0 0 0 0 0 0 0 0 0 0 0 0 0 0 0 0 0 0 0 0 0 0 0 0 0 0 0 0 0 0 0 0 0 0 0 0 0 0 0 0 0 0 0 0 0 0 0 0 0 0 0 0 0 0 0 0 0 0 0 0 0 0 0 0 0 0 0 0 0 0 0 0 0 0 0 0 0 0 0 0 0 0 0 0 0 0 0 0 0 0 0 0 0 0 0 0 0 0 0 0 0 0 0 0 0 0 0 0 0 0 0 0 0 0 0 0 0 0 0 0 0 0 0 0 0 0 0 0 0 0 0 0 0 0 0 0 0 0 0 0 0 0 0 0 0 0 0 0 0 0 0 0 0 0 0 0 0 0 0 0 0 0 0 0 0 0 0 0 0 0 0 0 0 0 0 0 0 0 0 0 0 0 0 0 0 0 0 0 0 0 0 0 0 0 0 0 0 0 0 0 0 0 0 0 0 0 0 0 0 0 0 0
# Sequence separation 48+
0 0 0 0 0 0 0 0 0 0 0 0 0 0 0 0 0 0 0 0 0 0 0 0 0 0 0 0 0 0 0 0 0 0 0 0 0 0 0 0 0 0 0 0 0 0 0 0 0 0 0 0 0 0 0 0 0 0 0 0 0 0 0 0 0 0 0 0 0 0 0 0 0 0 0 0 0 0 0 0 0 0 0 0 0 0 0 0 0 0 0 0 0 0 0 0 0 0 0 0 0 0 0 0 0 0 0 0 0 0 0 0 0 0 0 0 0 0 0 0 0 0 0 0 0 0 0 0 0 0 0 0 0 0 0 0 0 0 0 0 0 0 0 0 0 0 0 0 0 0 0 0 0 0 0 0 0 0 0 0 0 0 0 0 0 0 0 0 0 0 0 0 0 0 0 0 0 0 0 0 0 0 0 0 0 0 0 0 0 0 0 0 0 0 0 0 0 0 0 0 0 0 0 0 0 0 0 0 0 0 0 0 0 0 0 0 0 0 0 0 0 0 0 0 0 0 0 0 0 0 0 0 0 0 0 0 0 0 0 0 0 0 0 0 0 0 0 0 0 0 0 0 0 0 0 0 0 0 0 0 0 0 0 0 0 0 0 0 0 0 0 0 0 0 0 0 0 0 0 0 0 0 0 0 0 0 0 0 0 0 0 0 0 0 0 0 0 0 0 0 0 0 0 0 0 0 0 0 0 0 0 0 0 0 0 0 0 0 0 0 0 0 0 0 0 0 0 0 0 0 0 0 0 0 0 0 0 0 0 0 0 0 0 0 0 0 0 0 0 0 0 0 0 0 0 0 0 0 0 0 0 0 0 0 0 0 0 0 0 0 0 0 0 0 0 0 0 0 0 0 0 0 0 0 0 0 0 0 0 0 0 0 0 0 0 0 0 0 0 0 0 0 0 0 0 0 0 0 0 0 0 0 0 0 0 0 0 0 0 0 0 0 0 0 0 0 0 0 0 0 0 0 0 0 0 0 0 0 0 0 0 0 0 0 0 0 0 0 0 0 0 0 0 0 0 0 0 0 0 0 0 0 0 0 0 0 0 0 0 0 0 0 0 0 0 0 0 0 0 0 0 0 0 0 0 0 0 0 0 0 0 0 0 0 0 0 0 0 0 0 0 0 0 0 0 0 0 0 0 0 0 0 0 0 0 0 0 0 0 0 0 0 0 0 0 0 0 0 0 0 0 0 0 0 0 0 0 0 0 0 0 0 0 0 0 0 0 0 0 0 0 0 0 0 0 0 0 0 0 0 0 0 0 0 0 0 0 0 0 0 0 0 0 0 0 0 0 0 0 0 0 0 0 0 0 0 0 0 0 0 0 0 0 0 0 0 0 0 0 0 0 0 0 0 0 0 0 0 0 0 0 0 0 0 0 0 0 0 0 0 0 0 0 0 0 0 0 0 0 0 0 0 0 0 0 0 0 0 0 0 0 0 0 0 0 0 0 0 0 0 0 0 0 0 0 0 0 0 0 0 0 0 0 0 0 0 0 0 0 0 0 0 0 0 0 0 0 0 0 0 0 0 0 0 0 0 0 0 0 0 0 0 0 0 0 0 0 0 0 0 0 0 0 0 0 0 0 0 0 0 0 0 0 0 0 0 0 0 0 0 0 0 0 0 0 0 0 0 0 0 0 0 0 0 0 0 0 0 0 0 0 0 0 0 0 0 0 0 0 0 0 0 0 0 0 0 0 0 0 0 0 0 0 0 0 0 0 0 0 0 0 0 0 0 0 0 0 0 0 0 0 0 0 0 0 0 0 0 0 0 0 0 0 0 0 0 0 0 0 0 0 0 0 0 0 0 0 0 0 0 0 0 0 0 0 0 0 0 0 0 0 0 0 0 0 0 0 0 0 0 0 0 0 0 0 0 0 0 0 0 0 0 0 0 0 0 0 0 0 0 0 0 0 0 0 0 0 0 0 0 0 0 0 0 0 0 0 0 0 0 0 0 0 0 0 0 0 0 0 0 0 0 0 0 0 0 0 0 0 0 0 0 0 0 0 0 0 0 0 0
# Psipred
0.996 0.913 0.832 0.721 0.743 0.926 0.770 0.882 0.300 0.099 0.039 0.026 0.020 0.022 0.021 0.027 0.065 0.090 0.142 0.647 0.912 0.695 0.525 0.314 0.271 0.462 0.842 0.906 0.955 0.989
0.002 0.040 0.053 0.084 0.063 0.020 0.053 0.055 0.668 0.902 0.956 0.952 0.946 0.911 0.933 0.963 0.943 0.903 0.843 0.309 0.064 0.056 0.037 0.019 0.010 0.007 0.006 0.007 0.010 0.002
0.002 0.020 0.041 0.052 0.057 0.020 0.037 0.006 0.005 0.006 0.007 0.012 0.023 0.089 0.109 0.058 0.033 0.089 0.135 0.067 0.044 0.157 0.307 0.563 0.618 0.444 0.157 0.101 0.025 0.002
# Psisolv
0.727 0.419 0.498 0.517 0.464 0.500 0.339 0.877 0.414 0.298 0.098 0.086 0.307 0.059 0.033 0.099 0.095 0.066 0.064 0.154 0.468 0.422 0.125 0.152 0.202 0.182 0.287 0.297 0.618 0.916
# pref score
0.224 0.412 0.216 0.172 0.084 0.416 0.004 0.380 0.288 0.084 0.416 0.412 0.180 0.520 0.416 0.220 0.416 0.412 0.084 0.380 0.180 0.188 0.380 0.224 0.224 0.220 0.328 0.392 0.136 0.328 0.412 0.692 0.304 0.292 0.184 0.748 0.004 0.704 0.712 0.184 0.748 0.692 0.428 0.984 0.748 0.300 0.748 0.692 0.160 0.704 0.428 0.380 0.704 0.412 0.412 0.300 0.616 0.600 0.376 0.616 0.216 0.304 0.348 0.240 0.112 0.372 0.004 0.536 0.484 0.112 0.372 0.304 0.292 0.628 0.372 0.216 0.372 0.304 0.044 0.536 0.292 0.272 0.536 0.216 0.216 0.216 0.660 0.492 0.212 0.660 0.172 0.292 0.240 0.120 0.100 0.300 0.004 0.444 0.312 0.100 0.300 0.292 0.144 0.388 0.300 0.080 0.300 0.292 0.040 0.444 0.144 0.192 0.444 0.172 0.172 0.080 0.436 0.332 0.136 0.436 0.084 0.184 0.112 0.100 0.088 0.272 0.004 0.312 0.144 0.088 0.272 0.184 0.096 0.308 0.272 0.148 0.272 0.184 0.056 0.312 0.096 0.132 0.312 0.084 0.084 0.148 0.624 0.180 0.064 0.624 0.416 0.748 0.372 0.300 0.272 0.696 0.004 0.688 0.548 0.272 0.696 0.748 0.404 1.000 0.696 0.308 0.696 0.748 0.156 0.688 0.404 0.448 0.688 0.416 0.416 0.308 0.496 0.528 0.264 0.496 0.004 0.004 0.004 0.004 0.004 0.004 0.004 0.004 0.004 0.004 0.004 0.004 0.004 0.004 0.004 0.004 0.004 0.004 0.004 0.004 0.004 0.004 0.004 0.004 0.004 0.004 0.004 0.004 0.004 0.004 0.380 0.704 0.536 0.444 0.312 0.688 0.004 0.744 0.768 0.312 0.688 0.704 0.440 0.956 0.688 0.436 0.688 0.704 0.212 0.744 0.440 0.564 0.744 0.380 0.380 0.436 0.900 0.728 0.492 0.900 0.288 0.712 0.484 0.312 0.144 0.548 0.004 0.768 0.564 0.144 0.548 0.712 0.528 0.836 0.548 0.288 0.548 0.712 0.212 0.768 0.528 0.392 0.768 0.288 0.288 0.288 0.704 0.588 0.356 0.704 0.084 0.184 0.112 0.100 0.088 0.272 0.004 0.312 0.144 0.088 0.272 0.184 0.096 0.308 0.272 0.148 0.272 0.184 0.056 0.312 0.096 0.132 0.312 0.084 0.084 0.148 0.624 0.180 0.064 0.624 0.416 0.748 0.372 0.300 0.272 0.696 0.004 0.688 0.548 0.272 0.696 0.748 0.404 1.000 0.696 0.308 0.696 0.748 0.156 0.688 0.404 0.448 0.688 0.416 0.416 0.308 0.496 0.528 0.264 0.496 0.412 0.692 0.304 0.292 0.184 0.748 0.004 0.704 0.712 0.184 0.748 0.692 0.428 0.984 0.748 0.300 0.748 0.692 0.160 0.704 0.428 0.380 0.704 0.412 0.412 0.300 0.616 0.600 0.376 0.616 0.180 0.428 0.292 0.144 0.096 0.404 0.004 0.440 0.528 0.096 0.404 0.428 0.200 0.564 0.404 0.240 0.404 0.428 0.096 0.440 0.200 0.388 0.440 0.180 0.180 0.240 0.180 0.448 0.324 0.180 0.520 0.984 0.628 0.388 0.308 1.000 0.004 0.956 0.836 0.308 1.000 0.984 0.564 0.888 1.000 0.400 1.000 0.984 0.220 0.956 0.564 0.416 0.956 0.520 0.520 0.400 0.788 0.756 0.408 0.788 0.416 0.748 0.372 0.300 0.272 0.696 0.004 0.688 0.548 0.272 0.696 0.748 0.404 1.000 0.696 0.308 0.696 0.748 0.156 0.688 0.404 0.448 0.688 0.416 0.416 0.308 0.496 0.528 0.264 0.496 0.220 0.300 0.216 0.080 0.148 0.308 0.004 0.436 0.288 0.148 0.308 0.300 0.240 0.400 0.308 0.196 0.308 0.300 0.048 0.436 0.240 0.200 0.436 0.220 0.220 0.196 0.144 0.340 0.184 0.144 0.416 0.748 0.372 0.300 0.272 0.696 0.004 0.688 0.548 0.272 0.696 0.748 0.404 1.000 0.696 0.308 0.696 0.748 0.156 0.688 0.404 0.448 0.688 0.416 0.416 0.308 0.496 0.528 0.264 0.496 0.412 0.692 0.304 0.292 0.184 0.748 0.004 0.704 0.712 0.184 0.748 0.692 0.428 0.984 0.748 0.300 0.748 0.692 0.160 0.704 0.428 0.380 0.704 0.412 0.412 0.300 0.616 0.600 0.376 0.616 0.084 0.160 0.044 0.040 0.056 0.156 0.004 0.212 0.212 0.056 0.156 0.160 0.096 0.220 0.156 0.048 0.156 0.160 0.148 0.212 0.096 0.068 0.212 0.084 0.084 0.048 0.108 0.164 0.048 0.108 0.380 0.704 0.536 0.444 0.312 0.688 0.004 0.744 0.768 0.312 0.688 0.704 0.440 0.956 0.688 0.436 0.688 0.704 0.212 0.744 0.440 0.564 0.744 0.380 0.380 0.436 0.900 0.728 0.492 0.900 0.180 0.428 0.292 0.144 0.096 0.404 0.004 0.440 0.528 0.096 0.404 0.428 0.200 0.564 0.404 0.240 0.404 0.428 0.096 0.440 0.200 0.388 0.440 0.180 0.180 0.240 0.180 0.448 0.324 0.180 0.188 0.380 0.272 0.192 0.132 0.448 0.004 0.564 0.392 0.132 0.448 0.380 0.388 0.416 0.448 0.200 0.448 0.380 0.068 0.564 0.388 0.308 0.564 0.188 0.188 0.200 0.380 0.384 0.100 0.380 0.380 0.704 0.536 0.444 0.312 0.688 0.004 0.744 0.768 0.312 0.688 0.704 0.440 0.956 0.688 0.436 0.688 0.704 0.212 0.744 0.440 0.564 0.744 0.380 0.380 0.436 0.900 0.728 0.492 0.900 0.224 0.412 0.216 0.172 0.084 0.416 0.004 0.380 0.288 0.084 0.416 0.412 0.180 0.520 0.416 0.220 0.416 0.412 0.084 0.380 0.180 0.188 0.380 0.224 0.224 0.220 0.328 0.392 0.136 0.328 0.224 0.412 0.216 0.172 0.084 0.416 0.004 0.380 0.288 0.084 0.416 0.412 0.180 0.520 0.416 0.220 0.416 0.412 0.084 0.380 0.180 0.188 0.380 0.224 0.224 0.220 0.328 0.392 0.136 0.328 0.220 0.300 0.216 0.080 0.148 0.308 0.004 0.436 0.288 0.148 0.308 0.300 0.240 0.400 0.308 0.196 0.308 0.300 0.048 0.436 0.240 0.200 0.436 0.220 0.220 0.196 0.144 0.340 0.184 0.144 0.328 0.616 0.660 0.436 0.624 0.496 0.004 0.900 0.704 0.624 0.496 0.616 0.180 0.788 0.496 0.144 0.496 0.616 0.108 0.900 0.180 0.380 0.900 0.328 0.328 0.144 0.468 0.272 0.344 0.468 0.392 0.600 0.492 0.332 0.180 0.528 0.004 0.728 0.588 0.180 0.528 0.600 0.448 0.756 0.528 0.340 0.528 0.600 0.164 0.728 0.448 0.384 0.728 0.392 0.392 0.340 0.272 0.364 0.336 0.272 0.136 0.376 0.212 0.136 0.064 0.264 0.004 0.492 0.356 0.064 0.264 0.376 0.324 0.408 0.264 0.184 0.264 0.376 0.048 0.492 0.324 0.100 0.492 0.136 0.136 0.184 0.344 0.336 0.120 0.344 0.328 0.616 0.660 0.436 0.624 0.496 0.004 0.900 0.704 0.624 0.496 0.616 0.180 0.788 0.496 0.144 0.496 0.616 0.108 0.900 0.180 0.380 0.900 0.328 0.328 0.144 0.468 0.272 0.344 0.468
# scld lu con pot
0.222 0.365 0.587 0.556 0.476 0.333 0.698 0.571 0.556 0.476 0.333 0.365 0.683 0.508 0.333 0.333 0.333 0.365 0.317 0.571 0.683 0.508 0.571 0.222 0.222 0.333 0.556 0.571 0.667 0.556 0.365 0.381 0.667 0.651 0.556 0.397 0.698 0.683 0.667 0.556 0.397 0.381 0.762 0.587 0.397 0.413 0.397 0.381 0.397 0.683 0.762 0.571 0.683 0.365 0.365 0.413 0.619 0.651 0.746 0.619 0.587 0.667 0.746 0.794 0.746 0.651 0.698 0.810 0.794 0.746 0.651 0.667 0.873 0.778 0.651 0.619 0.651 0.667 0.651 0.810 0.873 0.714 0.810 0.587 0.587 0.619 0.778 0.825 0.857 0.778 0.556 0.651 0.794 0.667 0.698 0.603 0.698 0.794 0.794 0.698 0.603 0.651 0.873 0.778 0.603 0.603 0.603 0.651 0.571 0.794 0.873 0.714 0.794 0.556 0.556 0.603 0.778 0.762 0.857 0.778 0.476 0.556 0.746 0.698 0.492 0.524 0.698 0.698 0.635 0.492 0.524 0.556 0.730 0.683 0.524 0.444 0.524 0.556 0.397 0.698 0.730 0.635 0.698 0.476 0.476 0.444 0.651 0.714 0.810 0.651 0.333 0.397 0.651 0.603 0.524 0.270 0.698 0.635 0.619 0.524 0.270 0.397 0.698 0.540 0.270 0.365 0.270 0.397 0.381 0.635 0.698 0.540 0.635 0.333 0.333 0.365 0.587 0.571 0.698 0.587 0.698 0.698 0.698 0.698 0.698 0.698 0.698 0.698 0.698 0.698 0.698 0.698 0.698 0.698 0.698 0.698 0.698 0.698 0.698 0.698 0.698 0.698 0.698 0.698 0.698 0.698 0.698 0.698 0.698 0.698 0.571 0.683 0.810 0.794 0.698 0.635 0.698 0.762 0.810 0.698 0.635 0.683 0.905 0.762 0.635 0.571 0.635 0.683 0.540 0.762 0.905 0.714 0.762 0.571 0.571 0.571 0.794 0.794 0.873 0.794 0.556 0.667 0.794 0.794 0.635 0.619 0.698 0.810 0.714 0.635 0.619 0.667 0.825 0.762 0.619 0.587 0.619 0.667 0.508 0.810 0.825 0.714 0.810 0.556 0.556 0.587 0.778 0.794 0.873 0.778 0.476 0.556 0.746 0.698 0.492 0.524 0.698 0.698 0.635 0.492 0.524 0.556 0.730 0.683 0.524 0.444 0.524 0.556 0.397 0.698 0.730 0.635 0.698 0.476 0.476 0.444 0.651 0.714 0.810 0.651 0.333 0.397 0.651 0.603 0.524 0.270 0.698 0.635 0.619 0.524 0.270 0.397 0.698 0.540 0.270 0.365 0.270 0.397 0.381 0.635 0.698 0.540 0.635 0.333 0.333 0.365 0.587 0.571 0.698 0.587 0.365 0.381 0.667 0.651 0.556 0.397 0.698 0.683 0.667 0.556 0.397 0.381 0.762 0.587 0.397 0.413 0.397 0.381 0.397 0.683 0.762 0.571 0.683 0.365 0.365 0.413 0.619 0.651 0.746 0.619 0.683 0.762 0.873 0.873 0.730 0.698 0.698 0.905 0.825 0.730 0.698 0.762 0.889 0.873 0.698 0.635 0.698 0.762 0.730 0.905 0.889 0.698 0.905 0.683 0.683 0.635 0.857 0.905 0.825 0.857 0.508 0.587 0.778 0.778 0.683 0.540 0.698 0.762 0.762 0.683 0.540 0.587 0.873 0.635 0.540 0.540 0.540 0.587 0.508 0.762 0.873 0.698 0.762 0.508 0.508 0.540 0.762 0.778 0.905 0.762 0.333 0.397 0.651 0.603 0.524 0.270 0.698 0.635 0.619 0.524 0.270 0.397 0.698 0.540 0.270 0.365 0.270 0.397 0.381 0.635 0.698 0.540 0.635 0.333 0.333 0.365 0.587 0.571 0.698 0.587 0.333 0.413 0.619 0.603 0.444 0.365 0.698 0.571 0.587 0.444 0.365 0.413 0.635 0.540 0.365 0.333 0.365 0.413 0.333 0.571 0.635 0.492 0.571 0.333 0.333 0.333 0.587 0.540 0.667 0.587 0.333 0.397 0.651 0.603 0.524 0.270 0.698 0.635 0.619 0.524 0.270 0.397 0.698 0.540 0.270 0.365 0.270 0.397 0.381 0.635 0.698 0.540 0.635 0.333 0.333 0.365 0.587 0.571 0.698 0.587 0.365 0.381 0.667 0.651 0.556 0.397 0.698 0.683 0.667 0.556 0.397 0.381 0.762 0.587 0.397 0.413 0.397 0.381 0.397 0.683 0.762 0.571 0.683 0.365 0.365 0.413 0.619 0.651 0.746 0.619 0.317 0.397 0.651 0.571 0.397 0.381 0.698 0.540 0.508 0.397 0.381 0.397 0.730 0.508 0.381 0.333 0.381 0.397 0.000 0.540 0.730 0.444 0.540 0.317 0.317 0.333 0.571 0.540 0.667 0.571 0.571 0.683 0.810 0.794 0.698 0.635 0.698 0.762 0.810 0.698 0.635 0.683 0.905 0.762 0.635 0.571 0.635 0.683 0.540 0.762 0.905 0.714 0.762 0.571 0.571 0.571 0.794 0.794 0.873 0.794 0.683 0.762 0.873 0.873 0.730 0.698 0.698 0.905 0.825 0.730 0.698 0.762 0.889 0.873 0.698 0.635 0.698 0.762 0.730 0.905 0.889 0.698 0.905 0.683 0.683 0.635 0.857 0.905 0.825 0.857 0.508 0.571 0.714 0.714 0.635 0.540 0.698 0.714 0.714 0.635 0.540 0.571 0.698 0.698 0.540 0.492 0.540 0.571 0.444 0.714 0.698 0.603 0.714 0.508 0.508 0.492 0.714 0.714 0.825 0.714 0.571 0.683 0.810 0.794 0.698 0.635 0.698 0.762 0.810 0.698 0.635 0.683 0.905 0.762 0.635 0.571 0.635 0.683 0.540 0.762 0.905 0.714 0.762 0.571 0.571 0.571 0.794 0.794 0.873 0.794 0.222 0.365 0.587 0.556 0.476 0.333 0.698 0.571 0.556 0.476 0.333 0.365 0.683 0.508 0.333 0.333 0.333 0.365 0.317 0.571 0.683 0.508 0.571 0.222 0.222 0.333 0.556 0.571 0.667 0.556 0.222 0.365 0.587 0.556 0.476 0.333 0.698 0.571 0.556 0.476 0.333 0.365 0.683 0.508 0.333 0.333 0.333 0.365 0.317 0.571 0.683 0.508 0.571 0.222 0.222 0.333 0.556 0.571 0.667 0.556 0.333 0.413 0.619 0.603 0.444 0.365 0.698 0.571 0.587 0.444 0.365 0.413 0.635 0.540 0.365 0.333 0.365 0.413 0.333 0.571 0.635 0.492 0.571 0.333 0.333 0.333 0.587 0.540 0.667 0.587 0.556 0.619 0.778 0.778 0.651 0.587 0.698 0.794 0.778 0.651 0.587 0.619 0.857 0.762 0.587 0.587 0.587 0.619 0.571 0.794 0.857 0.714 0.794 0.556 0.556 0.587 0.683 0.794 0.825 0.683 0.571 0.651 0.825 0.762 0.714 0.571 0.698 0.794 0.794 0.714 0.571 0.651 0.905 0.778 0.571 0.540 0.571 0.651 0.540 0.794 0.905 0.714 0.794 0.571 0.571 0.540 0.794 0.714 0.873 0.794 0.667 0.746 0.857 0.857 0.810 0.698 0.698 0.873 0.873 0.810 0.698 0.746 0.825 0.905 0.698 0.667 0.698 0.746 0.667 0.873 0.825 0.825 0.873 0.667 0.667 0.667 0.825 0.873 0.952 0.825 0.556 0.619 0.778 0.778 0.651 0.587 0.698 0.794 0.778 0.651 0.587 0.619 0.857 0.762 0.587 0.587 0.587 0.619 0.571 0.794 0.857 0.714 0.794 0.556 0.556 0.587 0.683 0.794 0.825 0.683
# levitt con pot
0.184 0.316 0.553 0.500 0.395 0.289 0.711 0.632 0.605 0.395 0.289 0.316 0.579 0.500 0.289 0.263 0.289 0.316 0.395 0.632 0.579 0.474 0.632 0.184 0.184 0.263 0.526 0.526 0.605 0.526 0.316 1.000 0.711 0.605 0.579 0.395 0.711 0.737 0.711 0.579 0.395 1.000 0.711 0.632 0.395 0.395 0.395 1.000 0.579 0.737 0.711 0.579 0.737 0.316 0.316 0.395 0.632 0.711 0.737 0.632 0.553 0.711 0.526 0.526 0.500 0.684 0.711 0.737 0.684 0.500 0.684 0.711 0.553 0.789 0.684 0.500 0.684 0.711 0.711 0.737 0.553 0.500 0.737 0.553 0.553 0.500 0.605 0.684 0.632 0.605 0.500 0.605 0.526 0.579 0.579 0.553 0.711 0.711 0.711 0.579 0.553 0.605 0.605 0.711 0.553 0.421 0.553 0.605 0.658 0.711 0.605 0.474 0.711 0.500 0.500 0.421 0.579 0.632 0.605 0.579 0.395 0.579 0.500 0.579 0.289 0.526 0.711 0.711 0.553 0.289 0.526 0.579 0.447 0.711 0.526 0.316 0.526 0.579 0.553 0.711 0.447 0.447 0.711 0.395 0.395 0.316 0.526 0.605 0.711 0.526 0.289 0.395 0.684 0.553 0.526 0.342 0.711 0.737 0.711 0.526 0.342 0.395 0.684 0.605 0.342 0.342 0.342 0.395 0.500 0.737 0.684 0.553 0.737 0.289 0.289 0.342 0.632 0.684 0.737 0.632 0.711 0.711 0.711 0.711 0.711 0.711 0.711 0.711 0.711 0.711 0.711 0.711 0.711 0.711 0.711 0.711 0.711 0.711 0.711 0.711 0.711 0.711 0.711 0.711 0.711 0.711 0.711 0.711 0.711 0.711 0.632 0.737 0.737 0.711 0.711 0.737 0.711 0.737 0.816 0.711 0.737 0.737 0.868 0.895 0.737 0.605 0.737 0.737 0.684 0.737 0.868 0.684 0.737 0.632 0.632 0.605 0.763 0.842 0.816 0.763 0.605 0.711 0.684 0.711 0.553 0.711 0.711 0.816 0.711 0.553 0.711 0.711 0.658 0.842 0.711 0.553 0.711 0.711 0.684 0.816 0.658 0.605 0.816 0.605 0.605 0.553 0.658 0.763 0.737 0.658 0.395 0.579 0.500 0.579 0.289 0.526 0.711 0.711 0.553 0.289 0.526 0.579 0.447 0.711 0.526 0.316 0.526 0.579 0.553 0.711 0.447 0.447 0.711 0.395 0.395 0.316 0.526 0.605 0.711 0.526 0.289 0.395 0.684 0.553 0.526 0.342 0.711 0.737 0.711 0.526 0.342 0.395 0.684 0.605 0.342 0.342 0.342 0.395 0.500 0.737 0.684 0.553 0.737 0.289 0.289 0.342 0.632 0.684 0.737 0.632 0.316 1.000 0.711 0.605 0.579 0.395 0.711 0.737 0.711 0.579 0.395 1.000 0.711 0.632 0.395 0.395 0.395 1.000 0.579 0.737 0.711 0.579 0.737 0.316 0.316 0.395 0.632 0.711 0.737 0.632 0.579 0.711 0.553 0.605 0.447 0.684 0.711 0.868 0.658 0.447 0.684 0.711 0.737 0.868 0.684 0.447 0.684 0.711 0.737 0.868 0.737 0.316 0.868 0.579 0.579 0.447 0.632 0.737 0.421 0.632 0.500 0.632 0.789 0.711 0.711 0.605 0.711 0.895 0.842 0.711 0.605 0.632 0.868 0.842 0.605 0.526 0.605 0.632 0.789 0.895 0.868 0.763 0.895 0.500 0.500 0.526 0.711 0.868 0.974 0.711 0.289 0.395 0.684 0.553 0.526 0.342 0.711 0.737 0.711 0.526 0.342 0.395 0.684 0.605 0.342 0.342 0.342 0.395 0.500 0.737 0.684 0.553 0.737 0.289 0.289 0.342 0.632 0.684 0.737 0.632 0.263 0.395 0.500 0.421 0.316 0.342 0.711 0.605 0.553 0.316 0.342 0.395 0.447 0.526 0.342 0.289 0.342 0.395 0.500 0.605 0.447 0.342 0.605 0.263 0.263 0.289 0.500 0.447 0.447 0.500 0.289 0.395 0.684 0.553 0.526 0.342 0.711 0.737 0.711 0.526 0.342 0.395 0.684 0.605 0.342 0.342 0.342 0.395 0.500 0.737 0.684 0.553 0.737 0.289 0.289 0.342 0.632 0.684 0.737 0.632 0.316 1.000 0.711 0.605 0.579 0.395 0.711 0.737 0.711 0.579 0.395 1.000 0.711 0.632 0.395 0.395 0.395 1.000 0.579 0.737 0.711 0.579 0.737 0.316 0.316 0.395 0.632 0.711 0.737 0.632 0.395 0.579 0.711 0.658 0.553 0.500 0.711 0.684 0.684 0.553 0.500 0.579 0.737 0.789 0.500 0.500 0.500 0.579 0.000 0.684 0.737 0.711 0.684 0.395 0.395 0.500 0.632 0.711 0.842 0.632 0.632 0.737 0.737 0.711 0.711 0.737 0.711 0.737 0.816 0.711 0.737 0.737 0.868 0.895 0.737 0.605 0.737 0.737 0.684 0.737 0.868 0.684 0.737 0.632 0.632 0.605 0.763 0.842 0.816 0.763 0.579 0.711 0.553 0.605 0.447 0.684 0.711 0.868 0.658 0.447 0.684 0.711 0.737 0.868 0.684 0.447 0.684 0.711 0.737 0.868 0.737 0.316 0.868 0.579 0.579 0.447 0.632 0.737 0.421 0.632 0.474 0.579 0.500 0.474 0.447 0.553 0.711 0.684 0.605 0.447 0.553 0.579 0.316 0.763 0.553 0.342 0.553 0.579 0.711 0.684 0.316 0.474 0.684 0.474 0.474 0.342 0.553 0.658 0.737 0.553 0.632 0.737 0.737 0.711 0.711 0.737 0.711 0.737 0.816 0.711 0.737 0.737 0.868 0.895 0.737 0.605 0.737 0.737 0.684 0.737 0.868 0.684 0.737 0.632 0.632 0.605 0.763 0.842 0.816 0.763 0.184 0.316 0.553 0.500 0.395 0.289 0.711 0.632 0.605 0.395 0.289 0.316 0.579 0.500 0.289 0.263 0.289 0.316 0.395 0.632 0.579 0.474 0.632 0.184 0.184 0.263 0.526 0.526 0.605 0.526 0.184 0.316 0.553 0.500 0.395 0.289 0.711 0.632 0.605 0.395 0.289 0.316 0.579 0.500 0.289 0.263 0.289 0.316 0.395 0.632 0.579 0.474 0.632 0.184 0.184 0.263 0.526 0.526 0.605 0.526 0.263 0.395 0.500 0.421 0.316 0.342 0.711 0.605 0.553 0.316 0.342 0.395 0.447 0.526 0.342 0.289 0.342 0.395 0.500 0.605 0.447 0.342 0.605 0.263 0.263 0.289 0.500 0.447 0.447 0.500 0.526 0.632 0.605 0.579 0.526 0.632 0.711 0.763 0.658 0.526 0.632 0.632 0.632 0.711 0.632 0.500 0.632 0.632 0.632 0.763 0.632 0.553 0.763 0.526 0.526 0.500 0.579 0.711 0.711 0.579 0.526 0.711 0.684 0.632 0.605 0.684 0.711 0.842 0.763 0.605 0.684 0.711 0.737 0.868 0.684 0.447 0.684 0.711 0.711 0.842 0.737 0.658 0.842 0.526 0.526 0.447 0.711 0.737 0.868 0.711 0.605 0.737 0.632 0.605 0.711 0.737 0.711 0.816 0.737 0.711 0.737 0.737 0.421 0.974 0.737 0.447 0.737 0.737 0.842 0.816 0.421 0.737 0.816 0.605 0.605 0.447 0.711 0.868 0.895 0.711 0.526 0.632 0.605 0.579 0.526 0.632 0.711 0.763 0.658 0.526 0.632 0.632 0.632 0.711 0.632 0.500 0.632 0.632 0.632 0.763 0.632 0.553 0.763 0.526 0.526 0.500 0.579 0.711 0.711 0.579
# braun con pot
0.394 0.453 0.587 0.537 0.627 0.463 0.562 0.522 0.596 0.627 0.463 0.453 0.668 0.500 0.463 0.466 0.463 0.453 0.463 0.522 0.668 0.646 0.522 0.394 0.394 0.466 0.627 0.752 0.783 0.627 0.453 0.401 0.699 0.677 0.665 0.460 0.562 0.519 0.606 0.665 0.460 0.401 0.665 0.503 0.460 0.550 0.460 0.401 0.575 0.519 0.665 0.683 0.519 0.453 0.453 0.550 0.609 0.786 0.714 0.609 0.587 0.699 0.410 0.612 0.376 0.627 0.562 0.702 0.484 0.376 0.627 0.699 0.786 0.537 0.627 0.506 0.627 0.699 0.571 0.702 0.786 0.550 0.702 0.587 0.587 0.506 0.531 0.733 0.466 0.531 0.537 0.677 0.612 0.497 0.637 0.658 0.562 0.717 0.609 0.637 0.658 0.677 0.488 0.658 0.658 0.531 0.658 0.677 0.671 0.717 0.488 0.724 0.717 0.537 0.537 0.531 0.453 0.776 0.565 0.453 0.627 0.665 0.376 0.637 0.503 0.581 0.562 0.522 0.509 0.503 0.581 0.665 0.506 0.686 0.581 0.652 0.581 0.665 0.410 0.522 0.506 0.516 0.522 0.627 0.627 0.652 0.481 0.484 0.727 0.481 0.463 0.460 0.627 0.658 0.581 0.416 0.562 0.537 0.643 0.581 0.416 0.460 0.708 0.475 0.416 0.519 0.416 0.460 0.661 0.537 0.708 0.665 0.537 0.463 0.463 0.519 0.727 0.643 0.665 0.727 0.562 0.562 0.562 0.562 0.562 0.562 0.562 0.562 0.562 0.562 0.562 0.562 0.562 0.562 0.562 0.562 0.562 0.562 0.562 0.562 0.562 0.562 0.562 0.562 0.562 0.562 0.562 0.562 0.562 0.562 0.522 0.519 0.702 0.717 0.522 0.537 0.562 0.460 0.562 0.522 0.537 0.519 0.615 0.506 0.537 0.484 0.537 0.519 0.419 0.460 0.615 0.674 0.460 0.522 0.522 0.484 0.637 0.568 0.724 0.637 0.596 0.606 0.484 0.609 0.509 0.643 0.562 0.562 0.339 0.509 0.643 0.606 0.581 0.668 0.643 0.540 0.643 0.606 0.587 0.562 0.581 0.624 0.562 0.596 0.596 0.540 0.478 0.615 0.534 0.478 0.627 0.665 0.376 0.637 0.503 0.581 0.562 0.522 0.509 0.503 0.581 0.665 0.506 0.686 0.581 0.652 0.581 0.665 0.410 0.522 0.506 0.516 0.522 0.627 0.627 0.652 0.481 0.484 0.727 0.481 0.463 0.460 0.627 0.658 0.581 0.416 0.562 0.537 0.643 0.581 0.416 0.460 0.708 0.475 0.416 0.519 0.416 0.460 0.661 0.537 0.708 0.665 0.537 0.463 0.463 0.519 0.727 0.643 0.665 0.727 0.453 0.401 0.699 0.677 0.665 0.460 0.562 0.519 0.606 0.665 0.460 0.401 0.665 0.503 0.460 0.550 0.460 0.401 0.575 0.519 0.665 0.683 0.519 0.453 0.453 0.550 0.609 0.786 0.714 0.609 0.668 0.665 0.786 0.488 0.506 0.708 0.562 0.615 0.581 0.506 0.708 0.665 0.730 0.714 0.708 0.627 0.708 0.665 0.602 0.615 0.730 0.286 0.615 0.668 0.668 0.627 0.634 0.677 0.202 0.634 0.500 0.503 0.537 0.658 0.686 0.475 0.562 0.506 0.668 0.686 0.475 0.503 0.714 0.494 0.475 0.494 0.475 0.503 0.575 0.506 0.714 0.733 0.506 0.500 0.500 0.494 0.568 0.637 0.637 0.568 0.463 0.460 0.627 0.658 0.581 0.416 0.562 0.537 0.643 0.581 0.416 0.460 0.708 0.475 0.416 0.519 0.416 0.460 0.661 0.537 0.708 0.665 0.537 0.463 0.463 0.519 0.727 0.643 0.665 0.727 0.466 0.550 0.506 0.531 0.652 0.519 0.562 0.484 0.540 0.652 0.519 0.550 0.627 0.494 0.519 0.516 0.519 0.550 0.764 0.484 0.627 0.559 0.484 0.466 0.466 0.516 0.621 0.543 0.550 0.621 0.463 0.460 0.627 0.658 0.581 0.416 0.562 0.537 0.643 0.581 0.416 0.460 0.708 0.475 0.416 0.519 0.416 0.460 0.661 0.537 0.708 0.665 0.537 0.463 0.463 0.519 0.727 0.643 0.665 0.727 0.453 0.401 0.699 0.677 0.665 0.460 0.562 0.519 0.606 0.665 0.460 0.401 0.665 0.503 0.460 0.550 0.460 0.401 0.575 0.519 0.665 0.683 0.519 0.453 0.453 0.550 0.609 0.786 0.714 0.609 0.463 0.575 0.571 0.671 0.410 0.661 0.562 0.419 0.587 0.410 0.661 0.575 0.602 0.575 0.661 0.764 0.661 0.575 0.000 0.419 0.602 0.835 0.419 0.463 0.463 0.764 0.637 0.646 0.761 0.637 0.522 0.519 0.702 0.717 0.522 0.537 0.562 0.460 0.562 0.522 0.537 0.519 0.615 0.506 0.537 0.484 0.537 0.519 0.419 0.460 0.615 0.674 0.460 0.522 0.522 0.484 0.637 0.568 0.724 0.637 0.668 0.665 0.786 0.488 0.506 0.708 0.562 0.615 0.581 0.506 0.708 0.665 0.730 0.714 0.708 0.627 0.708 0.665 0.602 0.615 0.730 0.286 0.615 0.668 0.668 0.627 0.634 0.677 0.202 0.634 0.646 0.683 0.550 0.724 0.516 0.665 0.562 0.674 0.624 0.516 0.665 0.683 0.286 0.733 0.665 0.559 0.665 0.683 0.835 0.674 0.286 0.540 0.674 0.646 0.646 0.559 0.453 0.655 0.730 0.453 0.522 0.519 0.702 0.717 0.522 0.537 0.562 0.460 0.562 0.522 0.537 0.519 0.615 0.506 0.537 0.484 0.537 0.519 0.419 0.460 0.615 0.674 0.460 0.522 0.522 0.484 0.637 0.568 0.724 0.637 0.394 0.453 0.587 0.537 0.627 0.463 0.562 0.522 0.596 0.627 0.463 0.453 0.668 0.500 0.463 0.466 0.463 0.453 0.463 0.522 0.668 0.646 0.522 0.394 0.394 0.466 0.627 0.752 0.783 0.627 0.394 0.453 0.587 0.537 0.627 0.463 0.562 0.522 0.596 0.627 0.463 0.453 0.668 0.500 0.463 0.466 0.463 0.453 0.463 0.522 0.668 0.646 0.522 0.394 0.394 0.466 0.627 0.752 0.783 0.627 0.466 0.550 0.506 0.531 0.652 0.519 0.562 0.484 0.540 0.652 0.519 0.550 0.627 0.494 0.519 0.516 0.519 0.550 0.764 0.484 0.627 0.559 0.484 0.466 0.466 0.516 0.621 0.543 0.550 0.621 0.627 0.609 0.531 0.453 0.481 0.727 0.562 0.637 0.478 0.481 0.727 0.609 0.634 0.568 0.727 0.621 0.727 0.609 0.637 0.637 0.634 0.453 0.637 0.627 0.627 0.621 0.370 0.562 0.469 0.370 0.752 0.786 0.733 0.776 0.484 0.643 0.562 0.568 0.615 0.484 0.643 0.786 0.677 0.637 0.643 0.543 0.643 0.786 0.646 0.568 0.677 0.655 0.568 0.752 0.752 0.543 0.562 0.307 0.630 0.562 0.783 0.714 0.466 0.565 0.727 0.665 0.562 0.724 0.534 0.727 0.665 0.714 0.202 0.637 0.665 0.550 0.665 0.714 0.761 0.724 0.202 0.730 0.724 0.783 0.783 0.550 0.469 0.630 0.615 0.469 0.627 0.609 0.531 0.453 0.481 0.727 0.562 0.637 0.478 0.481 0.727 0.609 0.634 0.568 0.727 0.621 0.727 0.609 0.637 0.637 0.634 0.453 0.637 0.627 0.627 0.621 0.370 0.562 0.469 0.370
# joint entro
0.000 0.370 0.289 0.265 0.241 0.145 0.146 0.145 0.201 0.237 0.145 0.145 0.252 0.183 0.145 0.242 0.299 0.229 0.145 0.215 0.337 0.325 0.145 0.168 0.235 0.183 0.467 0.218 0.363 0.326 0.370 0.000 0.368 0.343 0.320 0.223 0.221 0.223 0.279 0.315 0.223 0.223 0.331 0.261 0.223 0.320 0.378 0.307 0.223 0.294 0.417 0.404 0.223 0.246 0.314 0.259 0.546 0.296 0.443 0.406 0.289 0.368 0.000 0.263 0.239 0.143 0.144 0.143 0.199 0.235 0.143 0.143 0.250 0.181 0.143 0.240 0.297 0.227 0.143 0.213 0.335 0.323 0.143 0.166 0.233 0.182 0.465 0.216 0.361 0.324 0.265 0.343 0.263 0.000 0.215 0.119 0.121 0.119 0.175 0.212 0.119 0.119 0.226 0.157 0.119 0.216 0.273 0.203 0.119 0.189 0.311 0.300 0.119 0.142 0.209 0.158 0.442 0.192 0.337 0.300 0.241 0.320 0.239 0.215 0.000 0.094 0.096 0.094 0.150 0.188 0.094 0.094 0.202 0.132 0.094 0.192 0.250 0.178 0.094 0.165 0.287 0.276 0.094 0.117 0.185 0.134 0.420 0.167 0.314 0.277 0.145 0.223 0.143 0.119 0.094 0.000 0.005 0.000 0.056 0.093 0.000 0.000 0.107 0.038 0.000 0.097 0.154 0.083 0.000 0.070 0.190 0.181 0.000 0.022 0.090 0.042 0.325 0.072 0.218 0.181 0.146 0.221 0.144 0.121 0.096 0.005 0.000 0.005 0.059 0.095 0.005 0.005 0.109 0.042 0.005 0.099 0.154 0.086 0.005 0.073 0.190 0.181 0.005 0.027 0.092 0.046 0.320 0.075 0.216 0.180 0.145 0.223 0.143 0.119 0.094 0.000 0.005 0.000 0.056 0.093 0.000 0.000 0.107 0.038 0.000 0.097 0.154 0.083 0.000 0.070 0.190 0.181 0.000 0.022 0.090 0.042 0.325 0.072 0.218 0.181 0.201 0.279 0.199 0.175 0.150 0.056 0.059 0.056 0.000 0.149 0.056 0.056 0.163 0.094 0.056 0.152 0.210 0.139 0.056 0.126 0.247 0.237 0.056 0.078 0.146 0.096 0.379 0.128 0.274 0.237 0.237 0.315 0.235 0.212 0.188 0.093 0.095 0.093 0.149 0.000 0.093 0.093 0.199 0.131 0.093 0.189 0.246 0.176 0.093 0.163 0.283 0.272 0.093 0.116 0.182 0.133 0.413 0.165 0.309 0.273 0.145 0.223 0.143 0.119 0.094 0.000 0.005 0.000 0.056 0.093 0.000 0.000 0.107 0.038 0.000 0.097 0.154 0.083 0.000 0.070 0.190 0.181 0.000 0.022 0.090 0.042 0.325 0.072 0.218 0.181 0.145 0.223 0.143 0.119 0.094 0.000 0.005 0.000 0.056 0.093 0.000 0.000 0.107 0.038 0.000 0.097 0.154 0.083 0.000 0.070 0.190 0.181 0.000 0.022 0.090 0.042 0.325 0.072 0.218 0.181 0.252 0.331 0.250 0.226 0.202 0.107 0.109 0.107 0.163 0.199 0.107 0.107 0.000 0.145 0.107 0.203 0.261 0.190 0.107 0.177 0.298 0.287 0.107 0.129 0.197 0.146 0.429 0.179 0.325 0.288 0.183 0.261 0.181 0.157 0.132 0.038 0.042 0.038 0.094 0.131 0.038 0.038 0.145 0.000 0.038 0.134 0.192 0.121 0.038 0.108 0.228 0.219 0.038 0.060 0.128 0.079 0.362 0.110 0.256 0.219 0.145 0.223 0.143 0.119 0.094 0.000 0.005 0.000 0.056 0.093 0.000 0.000 0.107 0.038 0.000 0.097 0.154 0.083 0.000 0.070 0.190 0.181 0.000 0.022 0.090 0.042 0.325 0.072 0.218 0.181 0.242 0.320 0.240 0.216 0.192 0.097 0.099 0.097 0.152 0.189 0.097 0.097 0.203 0.134 0.097 0.000 0.251 0.180 0.097 0.167 0.288 0.277 0.097 0.119 0.186 0.136 0.419 0.169 0.315 0.278 0.299 0.378 0.297 0.273 0.250 0.154 0.154 0.154 0.210 0.246 0.154 0.154 0.261 0.192 0.154 0.251 0.000 0.237 0.154 0.224 0.346 0.334 0.154 0.176 0.244 0.192 0.475 0.226 0.372 0.335 0.229 0.307 0.227 0.203 0.178 0.083 0.086 0.083 0.139 0.176 0.083 0.083 0.190 0.121 0.083 0.180 0.237 0.000 0.083 0.153 0.275 0.264 0.083 0.106 0.173 0.123 0.406 0.156 0.301 0.264 0.145 0.223 0.143 0.119 0.094 0.000 0.005 0.000 0.056 0.093 0.000 0.000 0.107 0.038 0.000 0.097 0.154 0.083 0.000 0.070 0.190 0.181 0.000 0.022 0.090 0.042 0.325 0.072 0.218 0.181 0.215 0.294 0.213 0.189 0.165 0.070 0.073 0.070 0.126 0.163 0.070 0.070 0.177 0.108 0.070 0.167 0.224 0.153 0.070 0.000 0.261 0.251 0.070 0.092 0.160 0.110 0.393 0.142 0.288 0.251 0.337 0.417 0.335 0.311 0.287 0.190 0.190 0.190 0.247 0.283 0.190 0.190 0.298 0.228 0.190 0.288 0.346 0.275 0.190 0.261 0.000 0.372 0.190 0.213 0.281 0.227 0.514 0.263 0.410 0.373 0.325 0.404 0.323 0.300 0.276 0.181 0.181 0.181 0.237 0.272 0.181 0.181 0.287 0.219 0.181 0.277 0.334 0.264 0.181 0.251 0.372 0.000 0.181 0.204 0.270 0.218 0.499 0.253 0.397 0.361 0.145 0.223 0.143 0.119 0.094 0.000 0.005 0.000 0.056 0.093 0.000 0.000 0.107 0.038 0.000 0.097 0.154 0.083 0.000 0.070 0.190 0.181 0.000 0.022 0.090 0.042 0.325 0.072 0.218 0.181 0.168 0.246 0.166 0.142 0.117 0.022 0.027 0.022 0.078 0.116 0.022 0.022 0.129 0.060 0.022 0.119 0.176 0.106 0.022 0.092 0.213 0.204 0.022 0.000 0.112 0.064 0.347 0.095 0.240 0.203 0.235 0.314 0.233 0.209 0.185 0.090 0.092 0.090 0.146 0.182 0.090 0.090 0.197 0.128 0.090 0.186 0.244 0.173 0.090 0.160 0.281 0.270 0.090 0.112 0.000 0.130 0.413 0.162 0.308 0.271 0.183 0.259 0.182 0.158 0.134 0.042 0.046 0.042 0.096 0.133 0.042 0.042 0.146 0.079 0.042 0.136 0.192 0.123 0.042 0.110 0.227 0.218 0.042 0.064 0.130 0.000 0.356 0.113 0.254 0.218 0.467 0.546 0.465 0.442 0.420 0.325 0.320 0.325 0.379 0.413 0.325 0.325 0.429 0.362 0.325 0.419 0.475 0.406 0.325 0.393 0.514 0.499 0.325 0.347 0.413 0.356 0.000 0.395 0.538 0.502 0.218 0.296 0.216 0.192 0.167 0.072 0.075 0.072 0.128 0.165 0.072 0.072 0.179 0.110 0.072 0.169 0.226 0.156 0.072 0.142 0.263 0.253 0.072 0.095 0.162 0.113 0.395 0.000 0.290 0.253 0.363 0.443 0.361 0.337 0.314 0.218 0.216 0.218 0.274 0.309 0.218 0.218 0.325 0.256 0.218 0.315 0.372 0.301 0.218 0.288 0.410 0.397 0.218 0.240 0.308 0.254 0.538 0.290 0.000 0.399 0.326 0.406 0.324 0.300 0.277 0.181 0.180 0.181 0.237 0.273 0.181 0.181 0.288 0.219 0.181 0.278 0.335 0.264 0.181 0.251 0.373 0.361 0.181 0.203 0.271 0.218 0.502 0.253 0.399 0.000
# pearson r
1.000 0.441 0.446 0.451 0.453 0.554 0.461 0.461 0.458 0.455 0.554 0.461 0.447 0.459 0.554 0.496 0.581 0.472 0.461 0.457 0.434 0.441 0.461 0.966 0.967 0.492 0.456 0.457 0.439 0.430 0.441 1.000 0.443 0.441 0.441 0.451 0.451 0.451 0.465 0.444 0.451 0.907 0.446 0.731 0.451 0.442 0.445 0.923 0.451 0.452 0.454 0.430 0.451 0.449 0.444 0.448 0.447 0.592 0.442 0.563 0.446 0.443 1.000 0.455 0.456 0.463 0.463 0.463 0.638 0.497 0.463 0.463 0.449 0.476 0.463 0.457 0.474 0.458 0.463 0.459 0.482 0.487 0.463 0.462 0.456 0.461 0.742 0.492 0.520 0.558 0.451 0.441 0.455 1.000 0.469 0.466 0.466 0.466 0.464 0.461 0.466 0.466 0.454 0.464 0.466 0.460 0.454 0.461 0.466 0.500 0.445 0.553 0.466 0.465 0.460 0.464 0.473 0.478 0.504 0.439 0.453 0.441 0.456 0.469 1.000 0.468 0.468 0.468 0.465 0.993 0.468 0.468 0.456 0.466 0.468 0.550 0.457 0.463 0.468 0.466 0.446 0.501 0.468 0.467 0.470 0.523 0.421 0.465 0.458 0.443 0.554 0.451 0.463 0.466 0.468 1.000 0.474 0.474 0.471 0.470 1.000 0.474 0.464 0.472 1.000 0.469 0.991 0.469 0.474 0.471 0.455 0.460 0.474 0.489 0.469 0.472 0.459 0.471 0.459 0.452 0.461 0.451 0.463 0.466 0.468 0.474 1.000 0.474 0.471 0.470 0.474 0.474 0.464 0.472 0.474 0.469 0.464 0.469 1.000 0.471 0.455 0.460 0.474 0.473 0.469 0.472 0.431 0.471 0.459 0.452 0.461 0.451 0.463 0.466 0.468 0.474 0.474 1.000 0.471 0.470 0.474 0.474 0.464 0.472 0.474 0.469 0.464 0.469 0.474 0.999 0.455 0.460 1.000 0.473 0.469 0.472 0.431 0.471 0.459 0.452 0.458 0.465 0.638 0.464 0.465 0.471 0.471 0.471 1.000 0.479 0.471 0.471 0.461 0.492 0.471 0.466 0.533 0.468 0.471 0.469 0.481 0.473 0.471 0.470 0.466 0.469 0.624 0.491 0.499 0.812 0.455 0.444 0.497 0.461 0.993 0.470 0.470 0.470 0.479 1.000 0.470 0.470 0.481 0.468 0.470 0.496 0.460 0.465 0.470 0.466 0.474 0.458 0.470 0.469 0.464 0.468 0.446 0.468 0.456 0.453 0.554 0.451 0.463 0.466 0.468 1.000 0.474 0.474 0.471 0.470 1.000 0.474 0.464 0.472 1.000 0.469 0.991 0.469 0.474 0.471 0.455 0.460 0.474 0.489 0.469 0.472 0.459 0.471 0.459 0.452 0.461 0.907 0.463 0.466 0.468 0.474 0.474 0.474 0.471 0.470 0.474 1.000 0.464 0.472 0.474 0.469 0.478 0.997 0.474 0.471 0.455 0.460 0.474 0.473 0.469 0.472 0.459 0.471 0.459 0.452 0.447 0.446 0.449 0.454 0.456 0.464 0.464 0.464 0.461 0.481 0.464 0.464 1.000 0.461 0.464 0.474 0.450 0.458 0.464 0.460 0.981 0.475 0.464 0.463 0.457 0.461 0.443 0.468 0.451 0.435 0.459 0.731 0.476 0.464 0.466 0.472 0.472 0.472 0.492 0.468 0.472 0.472 0.461 1.000 0.472 0.467 0.462 0.504 0.472 0.480 0.452 0.459 0.472 0.471 0.467 0.470 0.484 0.469 0.458 0.719 0.554 0.451 0.463 0.466 0.468 1.000 0.474 0.474 0.471 0.470 1.000 0.474 0.464 0.472 1.000 0.469 0.991 0.469 0.474 0.471 0.455 0.460 0.474 0.489 0.469 0.472 0.459 0.471 0.459 0.452 0.496 0.442 0.457 0.460 0.550 0.469 0.469 0.469 0.466 0.496 0.469 0.469 0.474 0.467 0.469 1.000 0.461 0.464 0.469 0.465 0.462 0.453 0.469 0.511 0.576 0.999 0.434 0.465 0.451 0.444 0.581 0.445 0.474 0.454 0.457 0.991 0.464 0.464 0.533 0.460 0.991 0.478 0.450 0.462 0.991 0.461 1.000 0.472 0.464 0.460 0.442 0.448 0.464 0.522 0.500 0.464 0.470 0.460 0.451 0.483 0.472 0.923 0.458 0.461 0.463 0.469 0.469 0.469 0.468 0.465 0.469 0.997 0.458 0.504 0.469 0.464 0.472 1.000 0.469 0.467 0.448 0.454 0.469 0.468 0.466 0.467 0.464 0.466 0.452 0.462 0.461 0.451 0.463 0.466 0.468 0.474 1.000 0.474 0.471 0.470 0.474 0.474 0.464 0.472 0.474 0.469 0.464 0.469 1.000 0.471 0.455 0.460 0.474 0.473 0.469 0.472 0.431 0.471 0.459 0.452 0.457 0.452 0.459 0.500 0.466 0.471 0.471 0.999 0.469 0.466 0.471 0.471 0.460 0.480 0.471 0.465 0.460 0.467 0.471 1.000 0.450 0.467 0.999 0.470 0.465 0.469 0.428 0.467 0.456 0.453 0.434 0.454 0.482 0.445 0.446 0.455 0.455 0.455 0.481 0.474 0.455 0.455 0.981 0.452 0.455 0.462 0.442 0.448 0.455 0.450 1.000 0.479 0.455 0.454 0.447 0.452 0.445 0.525 0.453 0.437 0.441 0.430 0.487 0.553 0.501 0.460 0.460 0.460 0.473 0.458 0.460 0.460 0.475 0.459 0.460 0.453 0.448 0.454 0.460 0.467 0.479 1.000 0.460 0.459 0.453 0.457 0.460 0.466 0.680 0.450 0.461 0.451 0.463 0.466 0.468 0.474 0.474 1.000 0.471 0.470 0.474 0.474 0.464 0.472 0.474 0.469 0.464 0.469 0.474 0.999 0.455 0.460 1.000 0.473 0.469 0.472 0.431 0.471 0.459 0.452 0.966 0.449 0.462 0.465 0.467 0.489 0.473 0.473 0.470 0.469 0.489 0.473 0.463 0.471 0.489 0.511 0.522 0.468 0.473 0.470 0.454 0.459 0.473 1.000 0.995 0.506 0.430 0.470 0.457 0.451 0.967 0.444 0.456 0.460 0.470 0.469 0.469 0.469 0.466 0.464 0.469 0.469 0.457 0.467 0.469 0.576 0.500 0.466 0.469 0.465 0.447 0.453 0.469 0.995 1.000 0.570 0.429 0.465 0.451 0.443 0.492 0.448 0.461 0.464 0.523 0.472 0.472 0.472 0.469 0.468 0.472 0.472 0.461 0.470 0.472 0.999 0.464 0.467 0.472 0.469 0.452 0.457 0.472 0.506 0.570 1.000 0.440 0.469 0.456 0.449 0.456 0.447 0.742 0.473 0.421 0.459 0.431 0.431 0.624 0.446 0.459 0.459 0.443 0.484 0.459 0.434 0.470 0.464 0.431 0.428 0.445 0.460 0.431 0.430 0.429 0.440 1.000 0.432 0.471 0.821 0.457 0.592 0.492 0.478 0.465 0.471 0.471 0.471 0.491 0.468 0.471 0.471 0.468 0.469 0.471 0.465 0.460 0.466 0.471 0.467 0.525 0.466 0.471 0.470 0.465 0.469 0.432 1.000 0.538 0.447 0.439 0.442 0.520 0.504 0.458 0.459 0.459 0.459 0.499 0.456 0.459 0.459 0.451 0.458 0.459 0.451 0.451 0.452 0.459 0.456 0.453 0.680 0.459 0.457 0.451 0.456 0.471 0.538 1.000 0.481 0.430 0.563 0.558 0.439 0.443 0.452 0.452 0.452 0.812 0.453 0.452 0.452 0.435 0.719 0.452 0.444 0.483 0.462 0.452 0.453 0.437 0.450 0.452 0.451 0.443 0.449 0.821 0.447 0.481 1.000
# Shannon entropy sum
0.863 0.906 0.940 0.910 0.938 0.896 0.827 0.827 0.904 0.960 0.806 0.888 0.909 0.927 0.887 0.954 0.922 0.923 0.848 0.831 0.957 0.887 0.839 0.916 0.907 0.930 0.949 0.878 0.930 0.889
# ccmpred
1.0000 0.2638 0.1920 0.1550 0.0583 0.0426 0.0937 0.0844 0.1427 0.1128 0.1038 0.0424 0.1498 0.0247 0.0760 0.1416 0.2137 0.1760 0.1176 0.0876 0.1402 0.1950 0.1361 0.1147 0.1514 0.0922 0.1649 0.0524 0.2351 0.2204 0.2638 1.0000 0.2351 0.2417 0.1544 0.0000 0.0766 0.0573 0.0855 0.0879 0.1339 0.0033 0.1033 0.0785 0.0765 0.0318 0.2206 0.1352 0.0708 0.2983 0.1868 0.2424 0.0871 0.1013 0.1738 0.1434 0.1799 0.1251 0.2044 0.1759 0.1920 0.2351 1.0000 0.1711 0.0983 0.0115 0.0947 0.0479 0.1515 0.1276 0.1402 0.0313 0.1467 0.1257 0.0561 0.0874 0.1451 0.2132 0.1194 0.1982 0.2372 0.2432 0.0744 0.1039 0.1027 0.2233 0.2088 0.1171 0.1942 0.1912 0.1550 0.2417 0.1711 1.0000 0.2229 0.1115 0.1039 0.0957 0.1507 0.2640 0.1379 0.0594 0.1488 0.0793 0.0635 0.1928 0.2579 0.1328 0.1823 0.2313 0.1156 0.1269 0.0433 0.0811 0.0186 0.1627 0.1755 0.1095 0.1032 0.0867 0.0583 0.1544 0.0983 0.2229 1.0000 0.1840 0.0972 0.0791 0.2249 0.0876 0.1220 0.1321 0.0679 0.1701 0.0531 0.3471 0.0875 0.1426 0.1457 0.1186 0.0876 0.2354 0.0461 0.1166 0.1920 0.2381 0.2249 0.1575 0.0753 0.1205 0.0426 0.0000 0.0115 0.1115 0.1840 1.0000 0.1700 0.1818 0.1827 0.1111 0.1037 0.2930 0.1813 0.2424 0.1754 0.2086 0.0954 0.1244 0.1133 0.0295 0.1024 0.0861 0.1500 0.2418 0.1204 0.1271 0.1027 0.0862 0.0849 0.1532 0.0937 0.0766 0.0947 0.1039 0.0972 0.1700 1.0000 0.2403 0.1021 0.1809 0.1236 0.1000 0.1712 0.0978 0.2153 0.1299 0.0701 0.0651 0.2191 0.1312 0.1386 0.0884 0.2943 0.0905 0.0944 0.0660 0.0924 0.0952 0.1468 0.0873 0.0844 0.0573 0.0479 0.0957 0.0791 0.1818 0.2403 1.0000 0.0858 0.1653 0.1295 0.1079 0.2017 0.0747 0.2521 0.1347 0.0831 0.0704 0.2617 0.0890 0.1790 0.0732 0.2789 0.0969 0.1015 0.0748 0.0940 0.0972 0.1726 0.0775 0.1427 0.0855 0.1515 0.1507 0.2249 0.1827 0.1021 0.0858 1.0000 0.1717 0.1752 0.1030 0.1701 0.1743 0.2370 0.1796 0.1187 0.1200 0.0699 0.1076 0.1017 0.0824 0.0712 0.1320 0.1051 0.2174 0.1739 0.1409 0.0755 0.0862 0.1128 0.0879 0.1276 0.2640 0.0876 0.1111 0.1809 0.1653 0.1717 1.0000 0.1875 0.1558 0.2479 0.2447 0.1191 0.1947 0.1362 0.0264 0.0928 0.2372 0.1560 0.1354 0.1425 0.1752 0.0961 0.1316 0.0501 0.2067 0.0852 0.1316 0.1038 0.1339 0.1402 0.1379 0.1220 0.1037 0.1236 0.1295 0.1752 0.1875 1.0000 0.1100 0.1059 0.1421 0.1027 0.1899 0.1405 0.1700 0.1150 0.1190 0.1194 0.0984 0.1188 0.1010 0.1275 0.1305 0.1009 0.1206 0.0967 0.0990 0.0424 0.0033 0.0313 0.0594 0.1321 0.2930 0.1000 0.1079 0.1030 0.1558 0.1100 1.0000 0.2539 0.2255 0.1326 0.2092 0.1212 0.1385 0.1734 0.0425 0.0924 0.0499 0.0856 0.4168 0.1711 0.1248 0.0959 0.1427 0.1065 0.0869 0.1498 0.1033 0.1467 0.1488 0.0679 0.1813 0.1712 0.2017 0.1701 0.2479 0.1059 0.2539 1.0000 0.0649 0.1664 0.1314 0.0819 0.1484 0.2215 0.0881 0.0590 0.1220 0.1847 0.1122 0.0419 0.0510 0.0865 0.1444 0.1440 0.1771 0.0247 0.0785 0.1257 0.0793 0.1701 0.2424 0.0978 0.0747 0.1743 0.2447 0.1421 0.2255 0.0649 1.0000 0.1992 0.1834 0.2039 0.1283 0.0917 0.2520 0.0990 0.1492 0.0740 0.1179 0.1209 0.2615 0.1620 0.1137 0.0669 0.0818 0.0760 0.0765 0.0561 0.0635 0.0531 0.1754 0.2153 0.2521 0.2370 0.1191 0.1027 0.1326 0.1664 0.1992 1.0000 0.1610 0.1234 0.0900 0.2801 0.0175 0.1582 0.1448 0.2228 0.0643 0.0574 0.0968 0.0846 0.1065 0.1343 0.1624 0.1416 0.0318 0.0874 0.1928 0.3471 0.2086 0.1299 0.1347 0.1796 0.1947 0.1899 0.2092 0.1314 0.1834 0.1610 1.0000 0.2122 0.1668 0.0896 0.0766 0.0732 0.0335 0.0813 0.1935 0.2009 0.1920 0.0724 0.1114 0.1037 0.0513 0.2137 0.2206 0.1451 0.2579 0.0875 0.0954 0.0701 0.0831 0.1187 0.1362 0.1405 0.1212 0.0819 0.2039 0.1234 0.2122 1.0000 0.1774 0.0367 0.1646 0.1284 0.1232 0.1029 0.0912 0.1440 0.1361 0.2190 0.1233 0.1754 0.1757 0.1760 0.1352 0.2132 0.1328 0.1426 0.1244 0.0651 0.0704 0.1200 0.0264 0.1700 0.1385 0.1484 0.1283 0.0900 0.1668 0.1774 1.0000 0.1890 0.1275 0.2239 0.1780 0.1406 0.1649 0.2955 0.0752 0.1297 0.0921 0.0970 0.0919 0.1176 0.0708 0.1194 0.1823 0.1457 0.1133 0.2191 0.2617 0.0699 0.0928 0.1150 0.1734 0.2215 0.0917 0.2801 0.0896 0.0367 0.1890 1.0000 0.0473 0.1438 0.0404 0.2384 0.0486 0.1313 0.0107 0.1166 0.1278 0.1503 0.1318 0.0876 0.2983 0.1982 0.2313 0.1186 0.0295 0.1312 0.0890 0.1076 0.2372 0.1190 0.0425 0.0881 0.2520 0.0175 0.0766 0.1646 0.1275 0.0473 1.0000 0.1255 0.2038 0.1051 0.0872 0.0968 0.1291 0.2143 0.1715 0.1707 0.1007 0.1402 0.1868 0.2372 0.1156 0.0876 0.1024 0.1386 0.1790 0.1017 0.1560 0.1194 0.0924 0.0590 0.0990 0.1582 0.0732 0.1284 0.2239 0.1438 0.1255 1.0000 0.2357 0.1761 0.1312 0.1917 0.1170 0.1872 0.1621 0.1461 0.1739 0.1950 0.2424 0.2432 0.1269 0.2354 0.0861 0.0884 0.0732 0.0824 0.1354 0.0984 0.0499 0.1220 0.1492 0.1448 0.0335 0.1232 0.1780 0.0404 0.2038 0.2357 1.0000 0.0867 0.0817 0.0462 0.1620 0.2067 0.1063 0.1083 0.2590 0.1361 0.0871 0.0744 0.0433 0.0461 0.1500 0.2943 0.2789 0.0712 0.1425 0.1188 0.0856 0.1847 0.0740 0.2228 0.0813 0.1029 0.1406 0.2384 0.1051 0.1761 0.0867 1.0000 0.1476 0.1144 0.0715 0.0703 0.1244 0.1600 0.0746 0.1147 0.1013 0.1039 0.0811 0.1166 0.2418 0.0905 0.0969 0.1320 0.1752 0.1010 0.4168 0.1122 0.1179 0.0643 0.1935 0.0912 0.1649 0.0486 0.0872 0.1312 0.0817 0.1476 1.0000 0.2229 0.2079 0.0857 0.1108 0.0921 0.0970 0.1514 0.1738 0.1027 0.0186 0.1920 0.1204 0.0944 0.1015 0.1051 0.0961 0.1275 0.1711 0.0419 0.1209 0.0574 0.2009 0.1440 0.2955 0.1313 0.0968 0.1917 0.0462 0.1144 0.2229 1.0000 0.0942 0.2335 0.2678 0.0877 0.0892 0.0922 0.1434 0.2233 0.1627 0.2381 0.1271 0.0660 0.0748 0.2174 0.1316 0.1305 0.1248 0.0510 0.2615 0.0968 0.1920 0.1361 0.0752 0.0107 0.1291 0.1170 0.1620 0.0715 0.2079 0.0942 1.0000 0.2868 0.2145 0.0724 0.1390 0.1649 0.1799 0.2088 0.1755 0.2249 0.1027 0.0924 0.0940 0.1739 0.0501 0.1009 0.0959 0.0865 0.1620 0.0846 0.0724 0.2190 0.1297 0.1166 0.2143 0.1872 0.2067 0.0703 0.0857 0.2335 0.2868 1.0000 0.1003 0.1352 0.1437 0.0524 0.1251 0.1171 0.1095 0.1575 0.0862 0.0952 0.0972 0.1409 0.2067 0.1206 0.1427 0.1444 0.1137 0.1065 0.1114 0.1233 0.0921 0.1278 0.1715 0.1621 0.1063 0.1244 0.1108 0.2678 0.2145 0.1003 1.0000 0.2276 0.0630 0.2351 0.2044 0.1942 0.1032 0.0753 0.0849 0.1468 0.1726 0.0755 0.0852 0.0967 0.1065 0.1440 0.0669 0.1343 0.1037 0.1754 0.0970 0.1503 0.1707 0.1461 0.1083 0.1600 0.0921 0.0877 0.0724 0.1352 0.2276 1.0000 0.2752 0.2204 0.1759 0.1912 0.0867 0.1205 0.1532 0.0873 0.0775 0.0862 0.1316 0.0990 0.0869 0.1771 0.0818 0.1624 0.0513 0.1757 0.0919 0.1318 0.1007 0.1739 0.2590 0.0746 0.0970 0.0892 0.1390 0.1437 0.0630 0.2752 1.0000
# freecontact
1.0000 3.3680 0.2343 0.9809 0.0000 0.0000 0.0000 0.0000 0.6634 0.0000 0.4523 0.0000 0.1882 0.0000 0.0000 0.0000 1.3447 0.2548 0.0000 0.0000 0.0000 1.6288 0.5374 0.6570 0.0000 0.0000 0.5781 0.0000 1.2616 2.8817 3.3680 1.0000 1.6947 0.2365 0.0000 0.0000 0.0000 0.0000 0.3724 0.0000 0.0000 0.0000 0.0000 0.3530 0.0000 0.0000 1.0801 0.0866 0.0000 3.1547 0.0000 0.8169 0.0000 0.0000 0.3839 0.0000 1.0947 0.6127 2.0294 0.3672 0.2343 1.6947 1.0000 3.6963 1.2418 0.0000 0.0000 0.0000 1.4438 0.6820 0.0000 0.0000 0.1894 0.1301 0.0000 0.0000 0.3272 0.8747 0.0000 1.4377 0.3069 0.4876 0.0000 0.0000 0.0000 1.0876 1.1672 0.0000 0.0000 0.0000 0.9809 0.2365 3.6963 1.0000 2.1886 1.5104 0.0000 0.2076 0.4769 2.3605 0.0000 0.0000 0.0871 0.0000 0.0000 0.8965 0.0867 0.0000 0.0000 0.8838 0.4118 0.6029 0.0000 0.0000 0.0000 0.0000 0.2502 0.0000 0.0000 0.0000 0.0000 0.0000 1.2418 2.1886 1.0000 1.6110 0.0000 0.0000 1.4185 0.0000 0.0000 0.0000 0.2011 0.4872 0.0000 3.8539 0.0000 0.4845 0.0000 0.0000 0.0000 0.0000 0.0000 0.0000 1.0409 2.1296 0.8074 0.0000 0.0000 0.0000 0.0000 0.0000 0.0000 1.5104 1.6110 1.0000 1.0995 1.1668 0.0320 0.0000 0.0000 2.2163 1.3418 1.3758 1.1517 0.2248 0.0000 0.0000 0.2789 0.0000 0.0000 0.0000 0.2349 0.5212 0.0000 0.0000 0.0000 0.0000 0.0000 1.1389 0.0000 0.0000 0.0000 0.0000 0.0000 1.0995 1.0000 3.5285 0.0000 0.0000 1.7860 0.0000 0.5704 0.0000 1.5779 0.0000 0.0000 0.0000 2.5822 0.5967 0.0000 0.0000 3.4976 0.0000 0.0000 0.0000 0.0000 0.0431 0.2824 0.0000 0.0000 0.0000 0.0000 0.2076 0.0000 1.1668 3.5285 1.0000 0.0000 0.0000 1.8442 0.0000 0.6173 0.0000 1.5425 0.0000 0.0000 0.0000 2.7174 0.0000 0.3525 0.0000 2.5822 0.0000 0.0000 0.0000 0.0000 0.0000 0.3686 0.0000 0.6634 0.3724 1.4438 0.4769 1.4185 0.0320 0.0000 0.0000 1.0000 0.3223 0.1568 0.0000 0.5847 0.6371 0.6719 0.6238 0.0000 0.0000 0.0000 0.0000 0.0000 0.0000 0.0000 0.0000 0.0000 1.9851 1.9528 0.0000 0.0000 0.0000 0.0000 0.0000 0.6820 2.3605 0.0000 0.0000 0.0000 0.0000 0.3223 1.0000 0.0000 0.0000 0.9479 0.8524 0.0000 1.9204 0.9410 0.0000 0.0000 0.3263 1.3141 0.0000 0.0000 0.0000 0.3913 0.1604 0.0000 0.0000 0.0000 0.3449 0.4523 0.0000 0.0000 0.0000 0.0000 0.0000 1.7860 1.8442 0.1568 0.0000 1.0000 0.1256 0.0000 0.0000 0.0000 0.0000 0.9920 0.5284 0.8047 0.6174 0.0000 0.0000 0.5537 0.0000 0.0000 0.0000 0.0000 0.7829 0.0000 0.1272 0.0000 0.0000 0.0000 0.0000 0.0000 2.2163 0.0000 0.0000 0.0000 0.0000 0.1256 1.0000 2.2419 1.8132 0.4089 1.4060 0.0000 0.2411 1.0019 0.0000 0.0000 0.0000 0.0000 4.4861 0.9640 0.4143 0.0000 0.3122 0.0000 0.0000 0.1882 0.0000 0.1894 0.0871 0.2011 1.3418 0.5704 0.6173 0.5847 0.9479 0.0000 2.2419 1.0000 0.0000 0.9800 0.0000 0.0000 0.1200 1.5772 0.0000 0.0000 0.0000 0.2697 0.0000 0.0000 0.0000 0.0000 0.0000 0.2448 0.6917 0.0000 0.3530 0.1301 0.0000 0.4872 1.3758 0.0000 0.0000 0.6371 0.8524 0.0000 1.8132 0.0000 1.0000 1.1049 1.1541 0.2618 0.0000 0.0000 0.8698 0.0081 0.0000 0.0000 0.0000 0.5104 1.6419 0.2691 0.0000 0.0000 0.0000 0.0000 0.0000 0.0000 0.0000 0.0000 1.1517 1.5779 1.5425 0.6719 0.0000 0.0000 0.4089 0.9800 1.1049 1.0000 0.3143 0.3066 0.0000 3.0467 0.0000 0.4568 0.4132 0.6647 0.0000 0.0000 0.0000 0.0000 0.0000 0.3903 1.3313 0.0000 0.0000 0.0000 0.8965 3.8539 0.2248 0.0000 0.0000 0.6238 1.9204 0.0000 1.4060 0.0000 1.1541 0.3143 1.0000 0.5963 1.2670 0.0000 0.0000 0.0000 0.0000 0.0000 0.7153 1.5051 0.9706 0.0000 0.0000 0.0000 0.0000 1.3447 1.0801 0.3272 0.0867 0.0000 0.0000 0.0000 0.0000 0.0000 0.9410 0.9920 0.0000 0.0000 0.2618 0.3066 0.5963 1.0000 1.7915 0.0000 2.1174 0.7069 0.5794 0.0000 0.0000 0.0000 0.0364 1.0822 0.0000 0.0000 0.2792 0.2548 0.0866 0.8747 0.0000 0.4845 0.0000 0.0000 0.0000 0.0000 0.0000 0.5284 0.2411 0.1200 0.0000 0.0000 1.2670 1.7915 1.0000 0.0000 0.4603 0.8318 1.1606 1.2490 0.5636 0.6759 0.0000 0.0683 0.0000 0.0000 0.0000 0.0000 0.0000 0.0000 0.0000 0.0000 0.2789 2.5822 2.7174 0.0000 0.0000 0.8047 1.0019 1.5772 0.0000 3.0467 0.0000 0.0000 0.0000 1.0000 0.0000 0.0000 0.0000 1.8658 0.0000 0.2543 0.0000 0.0000 0.4594 0.2351 0.0000 0.0000 3.1547 1.4377 0.8838 0.0000 0.0000 0.5967 0.0000 0.0000 0.3263 0.6174 0.0000 0.0000 0.8698 0.0000 0.0000 2.1174 0.4603 0.0000 1.0000 0.1266 1.8992 0.0000 0.0000 0.0000 0.0000 0.7889 1.1456 0.0000 0.0000 0.0000 0.0000 0.3069 0.4118 0.0000 0.0000 0.0000 0.3525 0.0000 1.3141 0.0000 0.0000 0.0000 0.0081 0.4568 0.0000 0.7069 0.8318 0.0000 0.1266 1.0000 0.9046 0.0000 0.0000 1.4253 0.3607 1.0490 0.0000 0.0000 0.0000 1.6288 0.8169 0.4876 0.6029 0.0000 0.0000 0.0000 0.0000 0.0000 0.0000 0.0000 0.0000 0.0000 0.0000 0.4132 0.0000 0.5794 1.1606 0.0000 1.8992 0.9046 1.0000 1.6932 0.5652 0.0000 0.9473 0.0129 0.0000 0.6944 1.8469 0.5374 0.0000 0.0000 0.0000 0.0000 0.2349 3.4976 2.5822 0.0000 0.0000 0.5537 0.0000 0.2697 0.0000 0.6647 0.0000 0.0000 1.2490 1.8658 0.0000 0.0000 1.6932 1.0000 1.5042 0.6068 0.0000 0.0000 0.5361 0.0000 0.0000 0.6570 0.0000 0.0000 0.0000 0.0000 0.5212 0.0000 0.0000 0.0000 0.0000 0.0000 4.4861 0.0000 0.0000 0.0000 0.7153 0.0000 0.5636 0.0000 0.0000 0.0000 0.5652 1.5042 1.0000 1.1270 1.6927 0.0283 0.0000 0.0000 0.0000 0.0000 0.3839 0.0000 0.0000 1.0409 0.0000 0.0000 0.0000 0.0000 0.3913 0.0000 0.9640 0.0000 0.5104 0.0000 1.5051 0.0000 0.6759 0.2543 0.0000 1.4253 0.0000 0.6068 1.1270 1.0000 0.8272 0.2599 2.0662 0.0000 0.0000 0.0000 0.0000 1.0876 0.0000 2.1296 0.0000 0.0000 0.0000 1.9851 0.1604 0.0000 0.4143 0.0000 1.6419 0.0000 0.9706 0.0364 0.0000 0.0000 0.0000 0.3607 0.9473 0.0000 1.6927 0.8272 1.0000 2.4314 2.1583 0.0000 0.0000 0.5781 1.0947 1.1672 0.2502 0.8074 0.0000 0.0000 0.0000 1.9528 0.0000 0.0000 0.0000 0.0000 0.2691 0.0000 0.0000 1.0822 0.0683 0.0000 0.7889 1.0490 0.0129 0.0000 0.0283 0.2599 2.4314 1.0000 1.9317 0.0000 0.0000 0.0000 0.6127 0.0000 0.0000 0.0000 0.0000 0.0431 0.0000 0.0000 0.0000 0.7829 0.3122 0.0000 0.0000 0.0000 0.0000 0.0000 0.0000 0.4594 1.1456 0.0000 0.0000 0.5361 0.0000 2.0662 2.1583 1.9317 1.0000 4.4851 0.0000 1.2616 2.0294 0.0000 0.0000 0.0000 0.0000 0.2824 0.3686 0.0000 0.0000 0.0000 0.0000 0.2448 0.0000 0.3903 0.0000 0.0000 0.0000 0.2351 0.0000 0.0000 0.6944 0.0000 0.0000 0.0000 0.0000 0.0000 4.4851 1.0000 4.8224 2.8817 0.3672 0.0000 0.0000 0.0000 1.1389 0.0000 0.0000 0.0000 0.3449 0.1272 0.0000 0.6917 0.0000 1.3313 0.0000 0.2792 0.0000 0.0000 0.0000 0.0000 1.8469 0.0000 0.0000 0.0000 0.0000 0.0000 0.0000 4.8224 1.0000
# psicov
1.0000 0.0000 0.0000 0.0000 0.0000 0.0000 0.1072 0.2223 0.2506 0.0000 0.8757 0.0000 0.0000 0.0000 0.0000 0.6797 1.8557 0.6815 0.0000 0.0000 0.0000 1.6051 0.0000 0.0000 0.4765 0.0000 0.5424 0.0000 3.2389 2.0578 0.0000 1.0000 0.0000 0.0000 0.0000 0.0000 0.0000 0.0000 0.0000 0.0000 0.0000 0.0000 0.0000 0.0000 0.0000 0.0000 4.4130 0.2597 0.0000 4.4309 1.2677 4.3184 0.0000 0.0000 0.0000 0.3750 0.8693 0.0000 2.8231 1.2418 0.0000 0.0000 1.0000 0.0000 0.0000 0.0000 0.0000 0.0000 0.7256 0.8640 0.0000 0.0000 0.0000 0.0000 0.0000 0.0000 0.0000 3.5862 0.0000 1.8595 6.2224 4.4846 0.0000 0.0000 0.0000 5.1933 2.4175 0.0000 1.6596 1.0868 0.0000 0.0000 0.0000 1.0000 0.0000 0.0000 0.0000 0.0000 0.4383 7.7462 0.0000 0.0000 0.5708 0.0000 0.0000 0.1437 6.1987 1.1895 1.3592 1.5285 0.0000 0.0000 0.0000 0.0000 0.0000 0.0000 3.0587 0.0000 0.0000 0.0000 0.0000 0.0000 0.0000 0.0000 1.0000 0.0000 0.0000 0.0000 0.0000 0.0000 0.0000 0.0000 0.0000 2.3554 0.0000 9.9309 0.0000 1.6384 0.0000 0.0000 0.0000 3.6513 0.0000 0.0000 1.6197 5.1058 6.2449 0.0000 0.0000 0.0000 0.0000 0.0000 0.0000 0.0000 0.0000 1.0000 0.0000 0.0000 0.0000 0.0000 1.4583 5.8004 0.4968 4.6663 0.5776 2.8428 0.0000 0.0000 0.0000 0.0000 0.0000 0.0000 0.0710 2.7588 0.0000 0.0000 0.0000 0.0000 0.0000 0.7961 0.1072 0.0000 0.0000 0.0000 0.0000 0.0000 1.0000 0.0000 0.0000 0.0000 0.0000 0.1815 0.0000 0.0000 2.0094 0.0000 0.0000 0.0000 4.1366 1.3584 0.0000 0.0000 8.7260 0.0000 0.0000 0.0000 0.0000 0.6071 0.0000 0.0000 0.2223 0.0000 0.0000 0.0000 0.0000 0.0000 0.0000 1.0000 0.0000 0.0000 0.0000 0.0000 0.7365 0.0000 3.7735 0.0000 0.0000 0.0000 6.2863 0.3969 0.0000 0.0000 8.1754 0.0000 0.0000 0.0000 0.0000 0.5194 0.1153 0.0000 0.2506 0.0000 0.7256 0.4383 0.0000 0.0000 0.0000 0.0000 1.0000 0.0000 0.0000 0.0000 0.0000 1.4733 3.9606 1.0059 0.0000 0.5437 0.0000 0.0000 0.0000 0.0000 0.0000 0.0000 0.0000 3.7956 3.2840 0.0000 0.0000 0.0000 0.0000 0.0000 0.8640 7.7462 0.0000 0.0000 0.0000 0.0000 0.0000 1.0000 0.0000 0.0000 0.0000 0.0000 0.0000 5.5318 0.0832 0.0000 0.0000 0.4896 5.2843 0.0000 0.0000 0.9513 0.0286 1.4197 0.0000 1.9359 0.0000 1.6362 0.8757 0.0000 0.0000 0.0000 0.0000 1.4583 0.0000 0.0000 0.0000 0.0000 1.0000 0.0000 0.0000 0.0000 0.0000 0.0000 0.0000 0.0000 2.8228 0.8340 0.0000 0.0000 4.4195 0.9565 1.0260 0.0000 0.0000 2.6301 0.0000 0.0000 0.0000 0.0000 0.0000 0.0000 0.0000 5.8004 0.1815 0.0000 0.0000 0.0000 0.0000 1.0000 0.0000 0.0000 0.0000 0.0000 0.0000 0.0000 1.4727 0.0000 0.0000 0.0000 0.0000 12.9837 1.0206 0.0000 0.0000 0.1393 0.0000 0.0000 0.0000 0.0000 0.0000 0.5708 0.0000 0.4968 0.0000 0.7365 0.0000 0.0000 0.0000 0.0000 1.0000 0.0000 0.0000 0.0000 0.0000 1.5398 2.6363 0.0000 0.0000 0.0000 0.8154 0.0000 0.0000 0.0000 0.0000 0.0000 1.7095 1.7717 0.0000 0.0000 0.0000 0.0000 2.3554 4.6663 0.0000 0.0000 1.4733 0.0000 0.0000 0.0000 0.0000 1.0000 0.0000 0.0000 0.0000 0.0000 0.0000 3.5647 0.3490 0.4928 0.0000 0.0000 0.0000 5.2003 1.2570 0.0000 0.0000 0.0000 0.0000 0.0000 0.0000 0.0000 0.0000 0.5776 2.0094 3.7735 3.9606 0.0000 0.0000 0.0000 0.0000 0.0000 1.0000 0.0000 0.0000 0.0000 0.0000 0.0000 1.3416 1.4068 2.0804 0.0000 0.0000 0.0000 0.0000 0.0000 0.0000 1.5385 0.6797 0.0000 0.0000 0.1437 9.9309 2.8428 0.0000 0.0000 1.0059 5.5318 0.0000 0.0000 0.0000 0.0000 0.0000 1.0000 0.0000 0.0000 0.0000 0.0000 0.0000 0.0000 0.0000 1.9901 3.0328 2.4249 0.0000 0.0000 0.0000 0.0000 1.8557 4.4130 0.0000 6.1987 0.0000 0.0000 0.0000 0.0000 0.0000 0.0832 0.0000 0.0000 0.0000 0.0000 0.0000 0.0000 1.0000 0.0000 0.0000 0.0000 0.0000 0.0000 0.0000 0.0000 0.0000 0.0000 4.3364 0.0000 2.0271 0.0593 0.6815 0.2597 3.5862 1.1895 1.6384 0.0000 0.0000 0.0000 0.5437 0.0000 0.0000 0.0000 1.5398 0.0000 0.0000 0.0000 0.0000 1.0000 0.0000 0.0000 0.0000 0.0000 0.0000 0.0000 2.9428 0.0000 0.0000 0.0000 0.0000 0.0000 0.0000 0.0000 0.0000 1.3592 0.0000 0.0000 4.1366 6.2863 0.0000 0.0000 2.8228 1.4727 2.6363 0.0000 0.0000 0.0000 0.0000 0.0000 1.0000 0.0000 0.0000 0.0000 0.0000 0.0000 0.0728 0.0000 0.0000 0.8422 0.3038 0.0000 0.0000 4.4309 1.8595 1.5285 0.0000 0.0000 1.3584 0.3969 0.0000 0.4896 0.8340 0.0000 0.0000 3.5647 0.0000 0.0000 0.0000 0.0000 0.0000 1.0000 0.0000 0.0000 0.0000 0.0000 0.0000 0.0000 4.2013 1.2341 1.8669 0.0000 0.0000 1.2677 6.2224 0.0000 0.0000 0.0000 0.0000 0.0000 0.0000 5.2843 0.0000 0.0000 0.0000 0.3490 1.3416 0.0000 0.0000 0.0000 0.0000 0.0000 1.0000 0.0000 0.0000 0.0000 0.0000 0.0000 3.0523 0.7220 0.1453 0.8655 1.6051 4.3184 4.4846 0.0000 3.6513 0.0000 0.0000 0.0000 0.0000 0.0000 0.0000 0.0000 0.0000 0.4928 1.4068 0.0000 0.0000 0.0000 0.0000 0.0000 0.0000 1.0000 0.0000 0.0000 0.0000 0.0000 2.9864 0.0000 0.0000 4.4860 0.0000 0.0000 0.0000 0.0000 0.0000 0.0710 8.7260 8.1754 0.0000 0.0000 4.4195 0.0000 0.8154 0.0000 2.0804 0.0000 0.0000 0.0000 0.0000 0.0000 0.0000 0.0000 1.0000 0.0000 0.0000 0.0000 0.0000 1.0586 0.3029 0.0000 0.0000 0.0000 0.0000 0.0000 0.0000 2.7588 0.0000 0.0000 0.0000 0.9513 0.9565 12.9837 0.0000 0.0000 0.0000 1.9901 0.0000 0.0000 0.0000 0.0000 0.0000 0.0000 0.0000 1.0000 0.0000 0.0000 0.0000 0.0000 0.0000 0.0000 0.4765 0.0000 0.0000 0.0000 1.6197 0.0000 0.0000 0.0000 0.0000 0.0286 1.0260 1.0206 0.0000 0.0000 0.0000 3.0328 0.0000 2.9428 0.0728 0.0000 0.0000 0.0000 0.0000 0.0000 1.0000 0.0000 0.0000 0.0000 0.0000 0.0000 0.0000 0.3750 5.1933 0.0000 5.1058 0.0000 0.0000 0.0000 3.7956 1.4197 0.0000 0.0000 0.0000 5.2003 0.0000 2.4249 0.0000 0.0000 0.0000 0.0000 0.0000 0.0000 0.0000 0.0000 0.0000 1.0000 0.0000 0.0000 0.0000 0.0000 0.5424 0.8693 2.4175 3.0587 6.2449 0.0000 0.0000 0.0000 3.2840 0.0000 0.0000 0.0000 0.0000 1.2570 0.0000 0.0000 4.3364 0.0000 0.0000 4.2013 3.0523 2.9864 0.0000 0.0000 0.0000 0.0000 1.0000 0.0000 0.0000 0.0000 0.0000 0.0000 0.0000 0.0000 0.0000 0.0000 0.6071 0.5194 0.0000 1.9359 2.6301 0.1393 0.0000 0.0000 0.0000 0.0000 0.0000 0.0000 0.8422 1.2341 0.7220 0.0000 1.0586 0.0000 0.0000 0.0000 0.0000 1.0000 0.0000 0.0000 3.2389 2.8231 1.6596 0.0000 0.0000 0.0000 0.0000 0.1153 0.0000 0.0000 0.0000 0.0000 1.7095 0.0000 0.0000 0.0000 2.0271 0.0000 0.3038 1.8669 0.1453 0.0000 0.3029 0.0000 0.0000 0.0000 0.0000 0.0000 1.0000 0.0000 2.0578 1.2418 1.0868 0.0000 0.0000 0.7961 0.0000 0.0000 0.0000 1.6362 0.0000 0.0000 1.7717 0.0000 1.5385 0.0000 0.0593 0.0000 0.0000 0.0000 0.8655 4.4860 0.0000 0.0000 0.0000 0.0000 0.0000 0.0000 0.0000 1.0000
# pstat_pots
0.5000 0.4946 0.5014 0.5054 0.4916 0.4646 0.4779 0.5042 0.5108 0.5065 0.4646 0.4705 0.5161 0.4802 0.4624 0.4868 0.4684 0.4831 0.4775 0.5039 0.5124 0.5027 0.5032 0.4914 0.4706 0.4936 0.4999 0.4911 0.5004 0.4935 0.4946 0.5000 0.5179 0.5157 0.5093 0.4810 0.4837 0.5041 0.5118 0.5101 0.4811 0.4839 0.5214 0.5059 0.4869 0.4838 0.4909 0.4987 0.4865 0.5079 0.5140 0.5074 0.5037 0.4781 0.4896 0.4867 0.4996 0.5027 0.4988 0.5062 0.5014 0.5179 0.5000 0.5247 0.4944 0.5036 0.4923 0.5102 0.5154 0.5140 0.5035 0.5085 0.5171 0.5027 0.4952 0.5115 0.5020 0.4968 0.4929 0.5129 0.5139 0.5226 0.5093 0.4930 0.5027 0.5073 0.5185 0.5097 0.5158 0.5051 0.5054 0.5157 0.5247 0.5000 0.5010 0.5406 0.5505 0.5570 0.5420 0.4933 0.5403 0.5489 0.5344 0.5398 0.5396 0.4882 0.5364 0.5436 0.5268 0.5495 0.5261 0.4471 0.5544 0.5171 0.5090 0.4886 0.4906 0.4893 0.4762 0.5096 0.4916 0.5093 0.4944 0.5010 0.5000 0.4930 0.4852 0.5199 0.5142 0.4830 0.4908 0.5076 0.4823 0.5104 0.4851 0.4830 0.4876 0.5027 0.4850 0.5137 0.4982 0.4904 0.5176 0.4859 0.4879 0.4918 0.5011 0.4876 0.4975 0.5021 0.4646 0.4810 0.5036 0.5406 0.4930 0.5000 0.4071 0.5203 0.5215 0.5446 0.3551 0.3645 0.5907 0.4379 0.3806 0.4794 0.3913 0.4053 0.4181 0.5223 0.5678 0.5316 0.5189 0.3958 0.4327 0.4473 0.5218 0.4950 0.5128 0.5032 0.4779 0.4837 0.4923 0.5505 0.4852 0.4071 0.5000 0.4796 0.4992 0.5566 0.3872 0.3908 0.5722 0.4730 0.4060 0.4781 0.4078 0.4115 0.2499 0.4880 0.5614 0.5572 0.4805 0.4095 0.4590 0.4499 0.5307 0.4818 0.5246 0.4993 0.5042 0.5041 0.5102 0.5570 0.5199 0.5203 0.4796 0.5000 0.5125 0.5454 0.5321 0.5175 0.5444 0.5115 0.5389 0.5127 0.5377 0.5263 0.4841 0.4645 0.5372 0.5302 0.4564 0.5182 0.5092 0.5125 0.5199 0.5023 0.5144 0.5059 0.5108 0.5118 0.5154 0.5420 0.5142 0.5215 0.4992 0.5125 0.5000 0.5564 0.5198 0.5180 0.5324 0.5382 0.5336 0.5224 0.5198 0.5223 0.5123 0.5175 0.5436 0.5373 0.5140 0.4964 0.5075 0.4709 0.5274 0.5287 0.4997 0.5137 0.5065 0.5101 0.5140 0.4933 0.4830 0.5446 0.5566 0.5454 0.5564 0.5000 0.5393 0.5504 0.4971 0.5503 0.5418 0.5112 0.5357 0.5377 0.5636 0.5463 0.5247 0.4806 0.5466 0.5186 0.4958 0.4916 0.5044 0.5132 0.5207 0.5015 0.4646 0.4811 0.5035 0.5403 0.4908 0.3551 0.3872 0.5321 0.5198 0.5393 0.5000 0.3178 0.6041 0.4403 0.3475 0.4521 0.3411 0.3529 0.4047 0.5369 0.5819 0.5309 0.5325 0.3471 0.4173 0.4012 0.5291 0.4892 0.5231 0.5009 0.4705 0.4839 0.5085 0.5489 0.5076 0.3645 0.3908 0.5175 0.5180 0.5504 0.3178 0.5000 0.6076 0.4534 0.3639 0.4686 0.3633 0.3774 0.4090 0.5234 0.5840 0.5464 0.5205 0.3685 0.4271 0.4182 0.5397 0.4976 0.5312 0.5030 0.5161 0.5214 0.5171 0.5344 0.4823 0.5907 0.5722 0.5444 0.5324 0.4971 0.6041 0.6076 0.5000 0.5518 0.6183 0.4695 0.5825 0.5866 0.5814 0.5436 0.5026 0.4331 0.5373 0.5622 0.5129 0.4994 0.4918 0.5345 0.4490 0.5157 0.4802 0.5059 0.5027 0.5398 0.5104 0.4379 0.4730 0.5115 0.5382 0.5503 0.4403 0.4534 0.5518 0.5000 0.4539 0.5099 0.4623 0.4690 0.4782 0.5158 0.5465 0.5327 0.5171 0.4729 0.4765 0.5058 0.5248 0.5073 0.5340 0.4938 0.4624 0.4869 0.4952 0.5396 0.4851 0.3806 0.4060 0.5389 0.5336 0.5418 0.3475 0.3639 0.6183 0.4539 0.5000 0.4869 0.3853 0.3932 0.3821 0.5448 0.5906 0.5103 0.5352 0.3836 0.4512 0.4315 0.5153 0.4743 0.5229 0.5048 0.4868 0.4838 0.5115 0.4882 0.4830 0.4794 0.4781 0.5127 0.5224 0.5112 0.4521 0.4686 0.4695 0.5099 0.4869 0.5000 0.4485 0.4825 0.5161 0.5137 0.4995 0.5096 0.5147 0.4549 0.4492 0.4647 0.5090 0.4870 0.5129 0.4960 0.4684 0.4909 0.5020 0.5364 0.4876 0.3913 0.4078 0.5377 0.5198 0.5357 0.3411 0.3633 0.5825 0.4623 0.3853 0.4485 0.5000 0.3764 0.4261 0.5411 0.5668 0.5144 0.5381 0.3823 0.4197 0.4077 0.5363 0.4975 0.5191 0.5013 0.4831 0.4987 0.4968 0.5436 0.5027 0.4053 0.4115 0.5263 0.5223 0.5377 0.3529 0.3774 0.5866 0.4690 0.3932 0.4825 0.3764 0.5000 0.4287 0.5312 0.5669 0.5449 0.5287 0.3946 0.4483 0.4349 0.5457 0.5029 0.5316 0.4965 0.4775 0.4865 0.4929 0.5268 0.4850 0.4181 0.2499 0.4841 0.5123 0.5636 0.4047 0.4090 0.5814 0.4782 0.3821 0.5161 0.4261 0.4287 0.5000 0.4946 0.5649 0.5540 0.4855 0.4264 0.4763 0.4618 0.5270 0.4806 0.5254 0.4993 0.5039 0.5079 0.5129 0.5495 0.5137 0.5223 0.4880 0.4645 0.5175 0.5463 0.5369 0.5234 0.5436 0.5158 0.5448 0.5137 0.5411 0.5312 0.4946 0.5000 0.5323 0.5305 0.4691 0.5220 0.5110 0.5101 0.5142 0.5017 0.5180 0.5058 0.5124 0.5140 0.5139 0.5261 0.4982 0.5678 0.5614 0.5372 0.5436 0.5247 0.5819 0.5840 0.5026 0.5465 0.5906 0.4995 0.5668 0.5669 0.5649 0.5323 0.5000 0.4458 0.5334 0.5527 0.5154 0.4995 0.5067 0.5231 0.4741 0.4982 0.5027 0.5074 0.5226 0.4471 0.4904 0.5316 0.5572 0.5302 0.5373 0.4806 0.5309 0.5464 0.4331 0.5327 0.5103 0.5096 0.5144 0.5449 0.5540 0.5305 0.4458 0.5000 0.5328 0.5181 0.4957 0.4852 0.5060 0.5085 0.5014 0.5102 0.5032 0.5037 0.5093 0.5544 0.5176 0.5189 0.4805 0.4564 0.5140 0.5466 0.5325 0.5205 0.5373 0.5171 0.5352 0.5147 0.5381 0.5287 0.4855 0.4691 0.5334 0.5328 0.5000 0.5198 0.5109 0.5052 0.5199 0.5019 0.5004 0.5059 0.4914 0.4781 0.4930 0.5171 0.4859 0.3958 0.4095 0.5182 0.4964 0.5186 0.3471 0.3685 0.5622 0.4729 0.3836 0.4549 0.3823 0.3946 0.4264 0.5220 0.5527 0.5181 0.5198 0.5000 0.4306 0.3989 0.5114 0.4760 0.5032 0.4990 0.4706 0.4896 0.5027 0.5090 0.4879 0.4327 0.4590 0.5092 0.5075 0.4958 0.4173 0.4271 0.5129 0.4765 0.4512 0.4492 0.4197 0.4483 0.4763 0.5110 0.5154 0.4957 0.5109 0.4306 0.5000 0.4474 0.5050 0.4867 0.5042 0.4984 0.4936 0.4867 0.5073 0.4886 0.4918 0.4473 0.4499 0.5125 0.4709 0.4916 0.4012 0.4182 0.4994 0.5058 0.4315 0.4647 0.4077 0.4349 0.4618 0.5101 0.4995 0.4852 0.5052 0.3989 0.4474 0.5000 0.5094 0.4671 0.5000 0.5011 0.4999 0.4996 0.5185 0.4906 0.5011 0.5218 0.5307 0.5199 0.5274 0.5044 0.5291 0.5397 0.4918 0.5248 0.5153 0.5090 0.5363 0.5457 0.5270 0.5142 0.5067 0.5060 0.5199 0.5114 0.5050 0.5094 0.5000 0.5112 0.4939 0.4980 0.4911 0.5027 0.5097 0.4893 0.4876 0.4950 0.4818 0.5023 0.5287 0.5132 0.4892 0.4976 0.5345 0.5073 0.4743 0.4870 0.4975 0.5029 0.4806 0.5017 0.5231 0.5085 0.5019 0.4760 0.4867 0.4671 0.5112 0.5000 0.5094 0.5042 0.5004 0.4988 0.5158 0.4762 0.4975 0.5128 0.5246 0.5144 0.4997 0.5207 0.5231 0.5312 0.4490 0.5340 0.5229 0.5129 0.5191 0.5316 0.5254 0.5180 0.4741 0.5014 0.5004 0.5032 0.5042 0.5000 0.4939 0.5094 0.5000 0.4980 0.4935 0.5062 0.5051 0.5096 0.5021 0.5032 0.4993 0.5059 0.5137 0.5015 0.5009 0.5030 0.5157 0.4938 0.5048 0.4960 0.5013 0.4965 0.4993 0.5058 0.4982 0.5102 0.5059 0.4990 0.4984 0.5011 0.4980 0.5042 0.4980 0.5000
# pstat_mimt
0.5000 0.4879 0.4873 0.4881 0.4871 0.4871 0.4885 0.4881 0.4862 0.4858 0.4881 0.4858 0.4867 0.4870 0.4869 0.4898 0.4867 0.4861 0.4879 0.4880 0.4855 0.4874 0.4881 0.4871 0.5001 0.4902 0.4865 0.4871 0.4876 0.4885 0.4879 0.5000 0.4908 0.4865 0.4854 0.4856 0.4870 0.4862 0.4878 0.4844 0.4866 0.4946 0.4851 0.4859 0.4858 0.4841 0.4852 0.4869 0.4861 0.4859 0.4846 0.4929 0.4862 0.4862 0.4859 0.4850 0.4977 0.4852 0.5032 0.4878 0.4873 0.4908 0.5000 0.4852 0.4951 0.4828 0.4854 0.4847 0.4879 0.4838 0.4837 0.4953 0.4835 0.5035 0.4833 0.4813 0.4833 0.4883 0.4845 0.4843 0.4824 0.4886 0.4850 0.4838 0.4838 0.4824 0.4833 0.4840 0.4848 0.4864 0.4881 0.4865 0.4852 0.5000 0.4878 0.4844 0.4873 0.4843 0.4922 0.4902 0.4850 0.4834 0.4842 0.4835 0.4916 0.4824 0.4820 0.4827 0.4869 0.4845 0.4854 0.4851 0.4843 0.4833 0.4846 0.4830 0.4874 0.4845 0.4848 0.4871 0.4871 0.4854 0.4951 0.4878 0.5000 0.4841 0.4866 0.4855 0.4838 0.5006 0.4844 0.4827 0.4848 0.4904 0.4830 0.4811 0.4827 0.4808 0.4858 0.4875 0.4878 0.4847 0.4854 0.4983 0.4848 0.4821 0.4891 0.4847 0.4898 0.4866 0.4871 0.4856 0.4828 0.4844 0.4841 0.5000 0.4862 0.4891 0.4958 0.4827 0.5337 0.4854 0.4849 0.4821 0.5234 0.4814 0.4890 0.4827 0.4854 0.4888 0.4825 0.4863 0.4893 0.4973 0.4848 0.4806 0.4836 0.4843 0.4843 0.4863 0.4885 0.4870 0.4854 0.4873 0.4866 0.4862 0.5000 0.4878 0.4840 0.4824 0.4879 0.4843 0.4854 0.4837 0.4844 0.4841 0.4820 0.4828 0.5595 0.4865 0.4822 0.4854 0.4877 0.4836 0.4856 0.4827 0.4838 0.4868 0.4851 0.4866 0.4881 0.4862 0.4847 0.4843 0.4855 0.4891 0.4878 0.5000 0.4911 0.4830 0.4875 0.4833 0.4858 0.4832 0.4846 0.4817 0.4823 0.4817 0.4872 0.5525 0.4864 0.4855 0.5630 0.4833 0.4853 0.4819 0.4969 0.4864 0.4847 0.4866 0.4862 0.4878 0.4879 0.4922 0.4838 0.4958 0.4840 0.4911 0.5000 0.4820 0.4842 0.4807 0.4974 0.4789 0.4826 0.4880 0.4838 0.4918 0.4847 0.4879 0.4948 0.4845 0.4913 0.4830 0.4840 0.4910 0.4815 0.4835 0.4837 0.4852 0.4858 0.4844 0.4838 0.4902 0.5006 0.4827 0.4824 0.4830 0.4820 0.5000 0.4804 0.4776 0.4861 0.4966 0.4794 0.5031 0.4929 0.4773 0.4942 0.4819 0.5147 0.5104 0.4813 0.4787 0.4814 0.4792 0.4904 0.4916 0.4811 0.4844 0.4881 0.4866 0.4837 0.4850 0.4844 0.5337 0.4879 0.4875 0.4842 0.4804 0.5000 0.4903 0.4862 0.4843 0.5385 0.4820 0.4959 0.4845 0.4876 0.4877 0.4839 0.4860 0.4880 0.4845 0.4858 0.4826 0.4845 0.4869 0.4854 0.4873 0.4858 0.4946 0.4953 0.4834 0.4827 0.4854 0.4843 0.4833 0.4807 0.4776 0.4903 0.5000 0.4845 0.4836 0.4834 0.4837 0.4829 0.5115 0.4858 0.4860 0.4841 0.4853 0.4861 0.4832 0.4856 0.4903 0.4844 0.4854 0.4850 0.4865 0.4867 0.4851 0.4835 0.4842 0.4848 0.4849 0.4854 0.4858 0.4974 0.4861 0.4862 0.4845 0.5000 0.4814 0.4982 0.4799 0.4789 0.4965 0.4840 0.4812 0.5227 0.4826 0.4833 0.4806 0.4825 0.4798 0.4917 0.4829 0.4831 0.4853 0.4870 0.4859 0.5035 0.4835 0.4904 0.4821 0.4837 0.4832 0.4789 0.4966 0.4843 0.4836 0.4814 0.5000 0.4815 0.5066 0.4937 0.4971 0.4823 0.4827 0.4845 0.4834 0.4823 0.4811 0.4833 0.4822 0.4803 0.4828 0.4933 0.4839 0.4869 0.4858 0.4833 0.4916 0.4830 0.5234 0.4844 0.4846 0.4826 0.4794 0.5385 0.4834 0.4982 0.4815 0.5000 0.4808 0.5015 0.4940 0.4863 0.4850 0.4999 0.4848 0.4861 0.4816 0.4834 0.4827 0.4830 0.4836 0.4845 0.4861 0.4898 0.4841 0.4813 0.4824 0.4811 0.4814 0.4841 0.4817 0.4880 0.5031 0.4820 0.4837 0.4799 0.5066 0.4808 0.5000 0.4803 0.4809 0.4832 0.4828 0.4808 0.4933 0.4827 0.4926 0.4920 0.5136 0.4919 0.4833 0.4925 0.4844 0.4867 0.4852 0.4833 0.4820 0.4827 0.4890 0.4820 0.4823 0.4838 0.4929 0.4959 0.4829 0.4789 0.4937 0.5015 0.4803 0.5000 0.5084 0.4858 0.4852 0.4823 0.4843 0.4855 0.4879 0.4823 0.5052 0.4829 0.4823 0.4841 0.4855 0.4861 0.4869 0.4883 0.4827 0.4808 0.4827 0.4828 0.4817 0.4918 0.4773 0.4845 0.5115 0.4965 0.4971 0.4940 0.4809 0.5084 0.5000 0.4848 0.4849 0.4821 0.4841 0.4855 0.4900 0.4847 0.4819 0.4835 0.4838 0.4846 0.4857 0.4879 0.4861 0.4845 0.4869 0.4858 0.4854 0.5595 0.4872 0.4847 0.4942 0.4876 0.4858 0.4840 0.4823 0.4863 0.4832 0.4858 0.4848 0.5000 0.4843 0.4815 0.4903 0.4859 0.4819 0.4839 0.4811 0.4966 0.5019 0.4841 0.4859 0.4880 0.4859 0.4843 0.4845 0.4875 0.4888 0.4865 0.5525 0.4879 0.4819 0.4877 0.4860 0.4812 0.4827 0.4850 0.4828 0.4852 0.4849 0.4843 0.5000 0.4863 0.4861 0.5481 0.4824 0.4848 0.4813 0.4854 0.4855 0.4844 0.4866 0.4855 0.4846 0.4824 0.4854 0.4878 0.4825 0.4822 0.4864 0.4948 0.5147 0.4839 0.4841 0.5227 0.4845 0.4999 0.4808 0.4823 0.4821 0.4815 0.4863 0.5000 0.4822 0.4847 0.4796 0.4987 0.4782 0.4917 0.4803 0.4820 0.4846 0.4874 0.4929 0.4886 0.4851 0.4847 0.4863 0.4854 0.4855 0.4845 0.5104 0.4860 0.4853 0.4826 0.4834 0.4848 0.4933 0.4843 0.4841 0.4903 0.4861 0.4822 0.5000 0.4891 0.4821 0.4830 0.4808 0.4840 0.4905 0.4853 0.4871 0.4881 0.4862 0.4850 0.4843 0.4854 0.4893 0.4877 0.5630 0.4913 0.4813 0.4880 0.4861 0.4833 0.4823 0.4861 0.4827 0.4855 0.4855 0.4859 0.5481 0.4847 0.4891 0.5000 0.4829 0.4849 0.4819 0.4835 0.4857 0.4843 0.4868 0.4871 0.4862 0.4838 0.4833 0.4983 0.4973 0.4836 0.4833 0.4830 0.4787 0.4845 0.4832 0.4806 0.4811 0.4816 0.4926 0.4879 0.4900 0.4819 0.4824 0.4796 0.4821 0.4829 0.5000 0.5116 0.5077 0.4841 0.4856 0.4856 0.4867 0.5001 0.4859 0.4838 0.4846 0.4848 0.4848 0.4856 0.4853 0.4840 0.4814 0.4858 0.4856 0.4825 0.4833 0.4834 0.4920 0.4823 0.4847 0.4839 0.4848 0.4987 0.4830 0.4849 0.5116 0.5000 0.4860 0.4845 0.4858 0.4863 0.4874 0.4902 0.4850 0.4824 0.4830 0.4821 0.4806 0.4827 0.4819 0.4910 0.4792 0.4826 0.4903 0.4798 0.4822 0.4827 0.5136 0.5052 0.4819 0.4811 0.4813 0.4782 0.4808 0.4819 0.5077 0.4860 0.5000 0.4843 0.4848 0.4982 0.4862 0.4865 0.4977 0.4833 0.4874 0.4891 0.4836 0.4838 0.4969 0.4815 0.4904 0.4845 0.4844 0.4917 0.4803 0.4830 0.4919 0.4829 0.4835 0.4966 0.4854 0.4917 0.4840 0.4835 0.4841 0.4845 0.4843 0.5000 0.4964 0.4839 0.4849 0.4871 0.4852 0.4840 0.4845 0.4847 0.4843 0.4868 0.4864 0.4835 0.4916 0.4869 0.4854 0.4829 0.4828 0.4836 0.4833 0.4823 0.4838 0.5019 0.4855 0.4803 0.4905 0.4857 0.4856 0.4858 0.4848 0.4964 0.5000 0.4855 0.4870 0.4876 0.5032 0.4848 0.4848 0.4898 0.4843 0.4851 0.4847 0.4837 0.4811 0.4854 0.4850 0.4831 0.4933 0.4845 0.4925 0.4841 0.4846 0.4841 0.4844 0.4820 0.4853 0.4843 0.4856 0.4863 0.4982 0.4839 0.4855 0.5000 0.4862 0.4885 0.4878 0.4864 0.4871 0.4866 0.4863 0.4866 0.4866 0.4852 0.4844 0.4873 0.4865 0.4853 0.4839 0.4861 0.4844 0.4855 0.4857 0.4859 0.4866 0.4846 0.4871 0.4868 0.4867 0.4874 0.4862 0.4849 0.4870 0.4862 0.5000
# pstat_mip
0.5000 0.4999 0.5007 0.5021 0.5001 0.4980 0.5003 0.4971 0.4991 0.4979 0.4983 0.4991 0.4998 0.5002 0.4973 0.5023 0.4992 0.4985 0.4986 0.4980 0.4977 0.5003 0.4975 0.4999 0.5129 0.5033 0.4991 0.5006 0.5007 0.5019 0.4999 0.5000 0.5044 0.5006 0.4985 0.4966 0.4990 0.4953 0.5009 0.4966 0.4970 0.5081 0.4983 0.4993 0.4963 0.4968 0.4979 0.4995 0.4969 0.4961 0.4969 0.5059 0.4957 0.4992 0.4989 0.4983 0.5105 0.4988 0.5165 0.5014 0.5007 0.5044 0.5000 0.5011 0.5098 0.4952 0.4989 0.4950 0.5026 0.4975 0.4954 0.5105 0.4984 0.5185 0.4951 0.4956 0.4976 0.5024 0.4967 0.4957 0.4962 0.5032 0.4957 0.4984 0.4984 0.4973 0.4977 0.4993 0.4997 0.5017 0.5021 0.5006 0.5011 0.5000 0.5032 0.4973 0.5013 0.4950 0.5075 0.5046 0.4971 0.4992 0.4996 0.4992 0.5039 0.4973 0.4969 0.4974 0.4996 0.4965 0.4998 0.5003 0.4955 0.4985 0.4998 0.4985 0.5024 0.5004 0.5003 0.5029 0.5001 0.4985 0.5098 0.5032 0.5000 0.4961 0.4996 0.4954 0.4980 0.5139 0.4956 0.4974 0.4992 0.5049 0.4944 0.4949 0.4964 0.4944 0.4975 0.4986 0.5011 0.4988 0.4957 0.5124 0.4989 0.4965 0.5030 0.4994 0.5042 0.5013 0.4980 0.4966 0.4952 0.4973 0.4961 0.5000 0.4971 0.4974 0.5078 0.4939 0.5431 0.4977 0.4970 0.4943 0.5330 0.4930 0.5005 0.4942 0.4953 0.4981 0.4937 0.4982 0.4980 0.5091 0.4966 0.4927 0.4953 0.4967 0.4964 0.4987 0.5003 0.4990 0.4989 0.5013 0.4996 0.4971 0.5000 0.4968 0.4970 0.4946 0.4982 0.4977 0.4985 0.4970 0.4948 0.4967 0.4946 0.4952 0.5701 0.4966 0.4945 0.4983 0.4971 0.4965 0.4985 0.4959 0.4965 0.5003 0.4983 0.5001 0.4971 0.4953 0.4950 0.4950 0.4954 0.4974 0.4968 0.5000 0.5010 0.4923 0.4953 0.4935 0.4958 0.4932 0.4925 0.4913 0.4919 0.4912 0.4954 0.5601 0.4957 0.4954 0.5701 0.4931 0.4951 0.4919 0.5065 0.4966 0.4948 0.4968 0.4991 0.5009 0.5026 0.5075 0.4980 0.5078 0.4970 0.5010 0.5000 0.4953 0.4955 0.4953 0.5117 0.4933 0.4940 0.5017 0.4975 0.5053 0.4964 0.4990 0.5081 0.4986 0.5015 0.4970 0.4980 0.5054 0.4954 0.4982 0.4981 0.4999 0.4979 0.4966 0.4975 0.5046 0.5139 0.4939 0.4946 0.4923 0.4953 0.5000 0.4909 0.4913 0.4995 0.5102 0.4900 0.5160 0.5058 0.4901 0.5052 0.4922 0.5272 0.5236 0.4909 0.4918 0.4946 0.4927 0.5034 0.5054 0.4946 0.4982 0.4983 0.4970 0.4954 0.4971 0.4956 0.5431 0.4982 0.4953 0.4955 0.4909 0.5000 0.5019 0.4976 0.4957 0.5474 0.4929 0.5068 0.4952 0.4969 0.4964 0.4944 0.4971 0.4961 0.4956 0.4969 0.4940 0.4955 0.4985 0.4968 0.4989 0.4991 0.5081 0.5105 0.4992 0.4974 0.4977 0.4977 0.4935 0.4953 0.4913 0.5019 0.5000 0.4993 0.4986 0.4951 0.4979 0.4971 0.5255 0.4979 0.4974 0.4978 0.4999 0.4968 0.4978 0.5001 0.5052 0.4987 0.5006 0.4998 0.5016 0.4998 0.4983 0.4984 0.4996 0.4992 0.4970 0.4985 0.4958 0.5117 0.4995 0.4976 0.4993 0.5000 0.4961 0.5097 0.4938 0.4927 0.5102 0.4959 0.4924 0.5361 0.4968 0.4937 0.4948 0.4967 0.4943 0.5057 0.4977 0.4976 0.5001 0.5002 0.4993 0.5185 0.4992 0.5049 0.4943 0.4970 0.4932 0.4933 0.5102 0.4957 0.4986 0.4961 0.5000 0.4931 0.5206 0.5078 0.5109 0.4943 0.4940 0.4981 0.4977 0.4928 0.4954 0.4976 0.4969 0.4945 0.4978 0.5080 0.4989 0.4973 0.4963 0.4951 0.5039 0.4944 0.5330 0.4948 0.4925 0.4940 0.4900 0.5474 0.4951 0.5097 0.4931 0.5000 0.4918 0.5125 0.5049 0.4957 0.4939 0.5105 0.4961 0.4943 0.4929 0.4946 0.4943 0.4941 0.4954 0.4960 0.4978 0.5023 0.4968 0.4956 0.4973 0.4949 0.4930 0.4967 0.4913 0.5017 0.5160 0.4929 0.4979 0.4938 0.5206 0.4918 0.5000 0.4936 0.4941 0.4946 0.4935 0.4937 0.5070 0.4927 0.5063 0.5056 0.5276 0.5054 0.4976 0.5065 0.4987 0.4992 0.4979 0.4976 0.4969 0.4964 0.5005 0.4946 0.4919 0.4975 0.5058 0.5068 0.4971 0.4927 0.5078 0.5125 0.4936 0.5000 0.5216 0.4972 0.4959 0.4952 0.4980 0.4955 0.5016 0.4959 0.5192 0.4963 0.4966 0.4980 0.4998 0.4985 0.4995 0.5024 0.4974 0.4944 0.4942 0.4952 0.4912 0.5053 0.4901 0.4952 0.5255 0.5102 0.5109 0.5049 0.4941 0.5216 0.5000 0.4961 0.4955 0.4949 0.4976 0.4953 0.5034 0.4981 0.4957 0.4968 0.4979 0.4983 0.4998 0.4986 0.4969 0.4967 0.4996 0.4975 0.4953 0.5701 0.4954 0.4964 0.5052 0.4969 0.4979 0.4959 0.4943 0.4957 0.4946 0.4972 0.4961 0.5000 0.4935 0.4925 0.5020 0.4945 0.4935 0.4955 0.4930 0.5081 0.5141 0.4960 0.4980 0.4980 0.4961 0.4957 0.4965 0.4986 0.4981 0.4966 0.5601 0.4990 0.4922 0.4964 0.4974 0.4924 0.4940 0.4939 0.4935 0.4959 0.4955 0.4935 0.5000 0.4966 0.4971 0.5560 0.4933 0.4957 0.4925 0.4962 0.4970 0.4956 0.4980 0.4977 0.4969 0.4962 0.4998 0.5011 0.4937 0.4945 0.4957 0.5081 0.5272 0.4944 0.4978 0.5361 0.4981 0.5105 0.4937 0.4952 0.4949 0.4925 0.4966 0.5000 0.4954 0.4943 0.4928 0.5119 0.4917 0.5047 0.4941 0.4955 0.4984 0.5003 0.5059 0.5032 0.5003 0.4988 0.4982 0.4983 0.4954 0.4986 0.5236 0.4971 0.4999 0.4968 0.4977 0.4961 0.5070 0.4980 0.4976 0.5020 0.4971 0.4954 0.5000 0.4994 0.4961 0.4970 0.4951 0.4978 0.5051 0.4996 0.5017 0.4975 0.4957 0.4957 0.4955 0.4957 0.4980 0.4971 0.5701 0.5015 0.4909 0.4961 0.4968 0.4937 0.4928 0.4943 0.4927 0.4955 0.4953 0.4945 0.5560 0.4943 0.4994 0.5000 0.4931 0.4951 0.4924 0.4935 0.4964 0.4948 0.4974 0.4999 0.4992 0.4984 0.4985 0.5124 0.5091 0.4965 0.4931 0.4970 0.4918 0.4956 0.4978 0.4948 0.4954 0.4929 0.5063 0.5016 0.5034 0.4935 0.4933 0.4928 0.4961 0.4931 0.5000 0.5255 0.5220 0.4978 0.5002 0.4999 0.5013 0.5129 0.4989 0.4984 0.4998 0.4989 0.4966 0.4985 0.4951 0.4980 0.4946 0.4969 0.5001 0.4967 0.4976 0.4946 0.5056 0.4959 0.4981 0.4955 0.4957 0.5119 0.4970 0.4951 0.5255 0.5000 0.5002 0.4983 0.5004 0.5005 0.5019 0.5033 0.4983 0.4973 0.4985 0.4965 0.4927 0.4959 0.4919 0.5054 0.4927 0.4940 0.5052 0.4943 0.4969 0.4943 0.5276 0.5192 0.4957 0.4930 0.4925 0.4917 0.4951 0.4924 0.5220 0.5002 0.5000 0.4984 0.4998 0.5128 0.5011 0.4991 0.5105 0.4977 0.5024 0.5030 0.4953 0.4965 0.5065 0.4954 0.5034 0.4955 0.4987 0.5057 0.4945 0.4941 0.5054 0.4963 0.4968 0.5081 0.4962 0.5047 0.4978 0.4935 0.4978 0.4983 0.4984 0.5000 0.5108 0.4979 0.4992 0.5006 0.4988 0.4993 0.5004 0.4994 0.4967 0.5003 0.4966 0.4982 0.5054 0.4985 0.5006 0.4977 0.4978 0.4954 0.4976 0.4966 0.4979 0.5141 0.4970 0.4941 0.5051 0.4964 0.5002 0.5004 0.4998 0.5108 0.5000 0.5004 0.5023 0.5007 0.5165 0.4997 0.5003 0.5042 0.4964 0.4983 0.4948 0.4981 0.4946 0.4968 0.4998 0.4976 0.5080 0.4960 0.5065 0.4980 0.4983 0.4960 0.4956 0.4955 0.4996 0.4948 0.4999 0.5005 0.5128 0.4979 0.5004 0.5000 0.5011 0.5019 0.5014 0.5017 0.5029 0.5013 0.4987 0.5001 0.4968 0.4999 0.4982 0.4989 0.5016 0.5001 0.4989 0.4978 0.4987 0.4998 0.4998 0.4980 0.4980 0.4984 0.5017 0.4974 0.5013 0.5019 0.5011 0.4992 0.5023 0.5011 0.5000
